# messageDelay  cumulativeProbability
0.1000 0.0006
0.1000 0.0012
0.1000 0.0017
0.1000 0.0023
0.1000 0.0029
0.1000 0.0035
0.1000 0.0041
0.1000 0.0047
0.1000 0.0052
0.1000 0.0058
0.1000 0.0064
0.1000 0.0070
0.1000 0.0076
0.1000 0.0081
0.1000 0.0087
0.1000 0.0093
0.1000 0.0099
0.1000 0.0105
0.1000 0.0110
0.1000 0.0116
0.1000 0.0122
0.1000 0.0128
0.1000 0.0134
0.1000 0.0140
0.1000 0.0145
0.1000 0.0151
0.1000 0.0157
0.1000 0.0163
0.1000 0.0169
0.1000 0.0174
0.1000 0.0180
0.1000 0.0186
0.1000 0.0192
0.1000 0.0198
0.1000 0.0203
0.1000 0.0209
0.1000 0.0215
0.1000 0.0221
0.1000 0.0227
0.1000 0.0233
0.1000 0.0238
0.1000 0.0244
0.1000 0.0250
0.1000 0.0256
0.1000 0.0262
0.1000 0.0267
0.1000 0.0273
0.1000 0.0279
0.1000 0.0285
0.1000 0.0291
0.1000 0.0297
0.1000 0.0302
0.1000 0.0308
0.1000 0.0314
0.1000 0.0320
0.1000 0.0326
0.1000 0.0331
0.1000 0.0337
0.1000 0.0343
0.1000 0.0349
0.1000 0.0355
0.1000 0.0360
0.1000 0.0366
0.1000 0.0372
0.1000 0.0378
0.1000 0.0384
0.1000 0.0390
0.1000 0.0395
0.1000 0.0401
0.1000 0.0407
0.1000 0.0413
0.1000 0.0419
0.1000 0.0424
0.1000 0.0430
0.1000 0.0436
0.1000 0.0442
0.1000 0.0448
0.1000 0.0453
0.1000 0.0459
0.1000 0.0465
0.1000 0.0471
0.1000 0.0477
0.1000 0.0483
0.1000 0.0488
0.1000 0.0494
0.1000 0.0500
0.1000 0.0506
0.1000 0.0512
0.1000 0.0517
0.1000 0.0523
0.1000 0.0529
0.1000 0.0535
0.1000 0.0541
0.1000 0.0547
0.1000 0.0552
0.1000 0.0558
0.1000 0.0564
0.1000 0.0570
0.1000 0.0576
0.1000 0.0581
0.1000 0.0587
0.1000 0.0593
0.1000 0.0599
0.1000 0.0605
0.1000 0.0610
0.1000 0.0616
0.1000 0.0622
0.1000 0.0628
0.1000 0.0634
0.1000 0.0640
0.1000 0.0645
0.1000 0.0651
0.1000 0.0657
0.1000 0.0663
0.1000 0.0669
0.1000 0.0674
0.1000 0.0680
0.1000 0.0686
0.1000 0.0692
0.1000 0.0698
0.1000 0.0703
0.1000 0.0709
0.1000 0.0715
0.1000 0.0721
0.1000 0.0727
0.1000 0.0733
0.1000 0.0738
0.1000 0.0744
0.1000 0.0750
0.1000 0.0756
0.1000 0.0762
0.1000 0.0767
0.1000 0.0773
0.1000 0.0779
0.1000 0.0785
0.1000 0.0791
0.1000 0.0797
0.1000 0.0802
0.1000 0.0808
0.1000 0.0814
0.1000 0.0820
0.1000 0.0826
0.1000 0.0831
0.1000 0.0837
0.1000 0.0843
0.1000 0.0849
0.1000 0.0855
0.1000 0.0860
0.1000 0.0866
0.1000 0.0872
0.1000 0.0878
0.1000 0.0884
0.1000 0.0890
0.1000 0.0895
0.1000 0.0901
0.1000 0.0907
0.1000 0.0913
0.1000 0.0919
0.1000 0.0924
0.1000 0.0930
0.1000 0.0936
0.1000 0.0942
0.1000 0.0948
0.1000 0.0953
0.1000 0.0959
0.1000 0.0965
0.1000 0.0971
0.1000 0.0977
0.1000 0.0983
0.1000 0.0988
0.1000 0.0994
0.1000 0.1000
0.1000 0.1006
0.1000 0.1012
0.1000 0.1017
0.1000 0.1023
0.1000 0.1029
0.1000 0.1035
0.1000 0.1041
0.1000 0.1047
0.1000 0.1052
0.1000 0.1058
0.1000 0.1064
0.1000 0.1070
0.1000 0.1076
0.1000 0.1081
0.1000 0.1087
0.1000 0.1093
0.1000 0.1099
0.1000 0.1105
0.1000 0.1110
0.1000 0.1116
0.1000 0.1122
0.1000 0.1128
0.1000 0.1134
0.1000 0.1140
0.1000 0.1145
0.1000 0.1151
0.1000 0.1157
0.1000 0.1163
0.1000 0.1169
0.1000 0.1174
0.1000 0.1180
0.1000 0.1186
0.1000 0.1192
0.1000 0.1198
0.1000 0.1203
0.1000 0.1209
0.1000 0.1215
0.1000 0.1221
0.1000 0.1227
0.1000 0.1233
0.1000 0.1238
0.1000 0.1244
0.1000 0.1250
0.1000 0.1256
0.1000 0.1262
0.1000 0.1267
0.1000 0.1273
0.1000 0.1279
0.1000 0.1285
0.1000 0.1291
0.1000 0.1297
0.1000 0.1302
0.1000 0.1308
0.1000 0.1314
0.1000 0.1320
0.1000 0.1326
0.1000 0.1331
0.1000 0.1337
0.1000 0.1343
0.1000 0.1349
0.1000 0.1355
0.1000 0.1360
0.1000 0.1366
0.1000 0.1372
0.1000 0.1378
0.1000 0.1384
0.1000 0.1390
0.1000 0.1395
0.1000 0.1401
0.1000 0.1407
0.1000 0.1413
0.1000 0.1419
0.1000 0.1424
0.1000 0.1430
0.1000 0.1436
0.1000 0.1442
0.1000 0.1448
0.1000 0.1453
0.1000 0.1459
0.1000 0.1465
0.1000 0.1471
0.1000 0.1477
0.1000 0.1483
0.1000 0.1488
0.1000 0.1494
0.1000 0.1500
0.1000 0.1506
0.1000 0.1512
0.1000 0.1517
0.1000 0.1523
0.1000 0.1529
0.1000 0.1535
0.1000 0.1541
0.1000 0.1547
0.1000 0.1552
0.1000 0.1558
0.1000 0.1564
0.1000 0.1570
0.1000 0.1576
0.1000 0.1581
0.1000 0.1587
0.1000 0.1593
0.1000 0.1599
0.1000 0.1605
0.1000 0.1610
0.1000 0.1616
0.1000 0.1622
0.1000 0.1628
0.1000 0.1634
0.1000 0.1640
0.1000 0.1645
0.1000 0.1651
0.1000 0.1657
0.1000 0.1663
0.1000 0.1669
0.1000 0.1674
0.1000 0.1680
0.1000 0.1686
0.1000 0.1692
0.1000 0.1698
0.1000 0.1703
0.1000 0.1709
0.1000 0.1715
0.1000 0.1721
0.1000 0.1727
0.1000 0.1733
0.1000 0.1738
0.1000 0.1744
0.1000 0.1750
0.1000 0.1756
0.1000 0.1762
0.1000 0.1767
0.1000 0.1773
0.1000 0.1779
0.1000 0.1785
0.1000 0.1791
0.1000 0.1797
0.1000 0.1802
0.1000 0.1808
0.1000 0.1814
0.1000 0.1820
0.1000 0.1826
0.1000 0.1831
0.1000 0.1837
0.1000 0.1843
0.1000 0.1849
0.1000 0.1855
0.1000 0.1860
0.1000 0.1866
0.1000 0.1872
0.1000 0.1878
0.1000 0.1884
0.1000 0.1890
0.1000 0.1895
0.1000 0.1901
0.1000 0.1907
0.1000 0.1913
0.1000 0.1919
0.1000 0.1924
0.1000 0.1930
0.1000 0.1936
0.1000 0.1942
0.1000 0.1948
0.1000 0.1953
0.1000 0.1959
0.1000 0.1965
0.1000 0.1971
0.1000 0.1977
0.1000 0.1983
0.1000 0.1988
0.1000 0.1994
0.1000 0.2000
0.1000 0.2006
0.1000 0.2012
0.1000 0.2017
0.1000 0.2023
0.1000 0.2029
0.1000 0.2035
0.1000 0.2041
0.1000 0.2047
0.1000 0.2052
0.1000 0.2058
0.1000 0.2064
0.1000 0.2070
0.1000 0.2076
0.1000 0.2081
0.1000 0.2087
0.1000 0.2093
0.1000 0.2099
0.1000 0.2105
0.1000 0.2110
0.1000 0.2116
0.1000 0.2122
0.1000 0.2128
0.1000 0.2134
0.1000 0.2140
0.1000 0.2145
0.1000 0.2151
0.1000 0.2157
0.1000 0.2163
0.1000 0.2169
0.1000 0.2174
0.1000 0.2180
0.1000 0.2186
0.1000 0.2192
0.1000 0.2198
0.1000 0.2203
0.1000 0.2209
0.1000 0.2215
0.1000 0.2221
0.1000 0.2227
0.1000 0.2233
0.1000 0.2238
0.1000 0.2244
0.1000 0.2250
0.1000 0.2256
0.1000 0.2262
0.1000 0.2267
0.1000 0.2273
0.1000 0.2279
0.1000 0.2285
0.1000 0.2291
0.1000 0.2297
0.1000 0.2302
0.1000 0.2308
0.1000 0.2314
0.1000 0.2320
0.1000 0.2326
0.1000 0.2331
0.1000 0.2337
0.1000 0.2343
0.1000 0.2349
0.1000 0.2355
0.1000 0.2360
0.1000 0.2366
0.1000 0.2372
0.1000 0.2378
0.1000 0.2384
0.1000 0.2390
0.1000 0.2395
0.1000 0.2401
0.1000 0.2407
0.1000 0.2413
0.1000 0.2419
0.1000 0.2424
0.1000 0.2430
0.1000 0.2436
0.1000 0.2442
0.1000 0.2448
0.1000 0.2453
0.1000 0.2459
0.1000 0.2465
0.1000 0.2471
0.1000 0.2477
0.1000 0.2483
0.1000 0.2488
0.1000 0.2494
0.1000 0.2500
0.1000 0.2506
0.1000 0.2512
0.1000 0.2517
0.1000 0.2523
0.1000 0.2529
0.1000 0.2535
0.1000 0.2541
0.1000 0.2547
0.1000 0.2552
0.1000 0.2558
0.1000 0.2564
0.1000 0.2570
0.1000 0.2576
0.1000 0.2581
0.1000 0.2587
0.1000 0.2593
0.1000 0.2599
0.1000 0.2605
0.1000 0.2610
0.1000 0.2616
0.1000 0.2622
0.1000 0.2628
0.1000 0.2634
0.1000 0.2640
0.1000 0.2645
0.1000 0.2651
0.1000 0.2657
0.1000 0.2663
0.1000 0.2669
0.1000 0.2674
0.1000 0.2680
0.1000 0.2686
0.1000 0.2692
0.1000 0.2698
0.1000 0.2703
0.1000 0.2709
0.1000 0.2715
0.1000 0.2721
0.1000 0.2727
0.1000 0.2733
0.1000 0.2738
0.1000 0.2744
0.1000 0.2750
0.1000 0.2756
0.1000 0.2762
0.1000 0.2767
0.1000 0.2773
0.1000 0.2779
0.1000 0.2785
0.1000 0.2791
0.1000 0.2797
0.1000 0.2802
0.1000 0.2808
0.1000 0.2814
0.1000 0.2820
0.1000 0.2826
0.1000 0.2831
0.1000 0.2837
0.1000 0.2843
0.1000 0.2849
0.1000 0.2855
0.1000 0.2860
0.1000 0.2866
0.1000 0.2872
0.1000 0.2878
0.1000 0.2884
0.1000 0.2890
0.1000 0.2895
0.1000 0.2901
0.1000 0.2907
0.1000 0.2913
0.1000 0.2919
0.1000 0.2924
0.1000 0.2930
0.1000 0.2936
0.1000 0.2942
0.1000 0.2948
0.1000 0.2953
0.1000 0.2959
0.1000 0.2965
0.1000 0.2971
0.1000 0.2977
0.1000 0.2983
0.1000 0.2988
0.1000 0.2994
0.1000 0.3000
0.1000 0.3006
0.1000 0.3012
0.1000 0.3017
0.1000 0.3023
0.1000 0.3029
0.1000 0.3035
0.1000 0.3041
0.1000 0.3047
0.1000 0.3052
0.1000 0.3058
0.1000 0.3064
0.1000 0.3070
0.1000 0.3076
0.1000 0.3081
0.1000 0.3087
0.1000 0.3093
0.1000 0.3099
0.1000 0.3105
0.1000 0.3110
0.1000 0.3116
0.1000 0.3122
0.1000 0.3128
0.1000 0.3134
0.1000 0.3140
0.1000 0.3145
0.1000 0.3151
0.1000 0.3157
0.1000 0.3163
0.1000 0.3169
0.1000 0.3174
0.1000 0.3180
0.1000 0.3186
0.1000 0.3192
0.1000 0.3198
0.1000 0.3203
0.1000 0.3209
0.1000 0.3215
0.1000 0.3221
0.1000 0.3227
0.1000 0.3233
0.1000 0.3238
0.1000 0.3244
0.1000 0.3250
0.1000 0.3256
0.1000 0.3262
0.1000 0.3267
0.1000 0.3273
0.1000 0.3279
0.1000 0.3285
0.1000 0.3291
0.1000 0.3297
0.1000 0.3302
0.1000 0.3308
0.1000 0.3314
0.1000 0.3320
0.1000 0.3326
0.1000 0.3331
0.1000 0.3337
0.1000 0.3343
0.1000 0.3349
0.1000 0.3355
0.1000 0.3360
0.1000 0.3366
0.1000 0.3372
0.1000 0.3378
0.1000 0.3384
0.1000 0.3390
0.1000 0.3395
0.1000 0.3401
0.1000 0.3407
0.1000 0.3413
0.1000 0.3419
0.1000 0.3424
0.1000 0.3430
0.1000 0.3436
0.1000 0.3442
0.1000 0.3448
0.1000 0.3453
0.1000 0.3459
0.1000 0.3465
0.1000 0.3471
0.1000 0.3477
0.1000 0.3483
0.1000 0.3488
0.1000 0.3494
0.1000 0.3500
0.1000 0.3506
0.1000 0.3512
0.1000 0.3517
0.1000 0.3523
0.1000 0.3529
0.1000 0.3535
0.1000 0.3541
0.1000 0.3547
0.1000 0.3552
0.1000 0.3558
0.1000 0.3564
0.1000 0.3570
0.1000 0.3576
0.1000 0.3581
0.1000 0.3587
0.1000 0.3593
0.1000 0.3599
0.1000 0.3605
0.1000 0.3610
0.1000 0.3616
0.1000 0.3622
0.1000 0.3628
0.1000 0.3634
0.1000 0.3640
0.1000 0.3645
0.1000 0.3651
0.1000 0.3657
0.1000 0.3663
0.1000 0.3669
0.1000 0.3674
0.1000 0.3680
0.1000 0.3686
0.1000 0.3692
0.1000 0.3698
0.1000 0.3703
0.1000 0.3709
0.1000 0.3715
0.1000 0.3721
0.1000 0.3727
0.1000 0.3733
0.1000 0.3738
0.1000 0.3744
0.1000 0.3750
0.1000 0.3756
0.1000 0.3762
0.1000 0.3767
0.1000 0.3773
0.1000 0.3779
0.1000 0.3785
0.1000 0.3791
0.1000 0.3797
0.1000 0.3802
0.1000 0.3808
0.1000 0.3814
0.1000 0.3820
0.1000 0.3826
0.1000 0.3831
0.1000 0.3837
0.1000 0.3843
0.1000 0.3849
0.1000 0.3855
0.1000 0.3860
0.1000 0.3866
0.1000 0.3872
0.1000 0.3878
0.1000 0.3884
0.1000 0.3890
0.1000 0.3895
0.1000 0.3901
0.1000 0.3907
0.1000 0.3913
0.1000 0.3919
0.1000 0.3924
0.1000 0.3930
0.1000 0.3936
0.1000 0.3942
0.1000 0.3948
0.1000 0.3953
0.1000 0.3959
0.1000 0.3965
0.1000 0.3971
0.1000 0.3977
0.1000 0.3983
0.1000 0.3988
0.1000 0.3994
0.1000 0.4000
0.1000 0.4006
0.1000 0.4012
0.1000 0.4017
0.1000 0.4023
0.1000 0.4029
0.1000 0.4035
0.1000 0.4041
0.1000 0.4047
0.1000 0.4052
0.1000 0.4058
0.1000 0.4064
0.1000 0.4070
0.1000 0.4076
0.1000 0.4081
0.1000 0.4087
0.1000 0.4093
0.1000 0.4099
0.1000 0.4105
0.1000 0.4110
0.1000 0.4116
0.1000 0.4122
0.1000 0.4128
0.1000 0.4134
0.1000 0.4140
0.1000 0.4145
0.1000 0.4151
0.1000 0.4157
0.1000 0.4163
0.1000 0.4169
0.1000 0.4174
0.1000 0.4180
0.1000 0.4186
0.1000 0.4192
0.1000 0.4198
0.1000 0.4203
0.1000 0.4209
0.1000 0.4215
0.1000 0.4221
0.1000 0.4227
0.1000 0.4233
0.1000 0.4238
0.1000 0.4244
0.1000 0.4250
0.1000 0.4256
0.1000 0.4262
0.1000 0.4267
0.1000 0.4273
0.1000 0.4279
0.1000 0.4285
0.1000 0.4291
0.1000 0.4297
0.1000 0.4302
0.1000 0.4308
0.1000 0.4314
0.1000 0.4320
0.1000 0.4326
0.1000 0.4331
0.1000 0.4337
0.1000 0.4343
0.1000 0.4349
0.1000 0.4355
0.1000 0.4360
0.1000 0.4366
0.1000 0.4372
0.1000 0.4378
0.1000 0.4384
0.1000 0.4390
0.1000 0.4395
0.1000 0.4401
0.1000 0.4407
0.1000 0.4413
0.1000 0.4419
0.1000 0.4424
0.1000 0.4430
0.1000 0.4436
0.1000 0.4442
0.1000 0.4448
0.1000 0.4453
0.1000 0.4459
0.1000 0.4465
0.1000 0.4471
0.1000 0.4477
0.1000 0.4483
0.1000 0.4488
0.1000 0.4494
0.1000 0.4500
0.1000 0.4506
0.1000 0.4512
0.1000 0.4517
0.1000 0.4523
0.1000 0.4529
0.1000 0.4535
0.1000 0.4541
0.1000 0.4547
0.1000 0.4552
0.1000 0.4558
0.1000 0.4564
0.1000 0.4570
0.1000 0.4576
0.1000 0.4581
0.1000 0.4587
0.1000 0.4593
0.1000 0.4599
0.1000 0.4605
0.1000 0.4610
0.1000 0.4616
0.1000 0.4622
0.1000 0.4628
0.1000 0.4634
0.1000 0.4640
0.1000 0.4645
0.1000 0.4651
0.1000 0.4657
0.1000 0.4663
0.1000 0.4669
0.1000 0.4674
0.1000 0.4680
0.1000 0.4686
0.1000 0.4692
0.1000 0.4698
0.1000 0.4703
0.1000 0.4709
0.1000 0.4715
0.1000 0.4721
0.1000 0.4727
0.1000 0.4733
0.1000 0.4738
0.1000 0.4744
0.1000 0.4750
0.1000 0.4756
0.1000 0.4762
0.1000 0.4767
0.1000 0.4773
0.1000 0.4779
0.1000 0.4785
0.1000 0.4791
0.1000 0.4797
0.1000 0.4802
0.1000 0.4808
0.1000 0.4814
0.1000 0.4820
0.1000 0.4826
0.1000 0.4831
0.1000 0.4837
0.1000 0.4843
0.1000 0.4849
0.1000 0.4855
0.1000 0.4860
0.1000 0.4866
0.1000 0.4872
0.1000 0.4878
0.1000 0.4884
0.1000 0.4890
0.1000 0.4895
0.1000 0.4901
0.1000 0.4907
0.1000 0.4913
0.1000 0.4919
0.1000 0.4924
0.1000 0.4930
0.1000 0.4936
0.1000 0.4942
0.1000 0.4948
0.1000 0.4953
0.1000 0.4959
0.1000 0.4965
0.1000 0.4971
0.1000 0.4977
0.1000 0.4983
0.1000 0.4988
0.1000 0.4994
0.1000 0.5000
0.1000 0.5006
0.1000 0.5012
0.1000 0.5017
0.1000 0.5023
0.1000 0.5029
0.1000 0.5035
0.1000 0.5041
0.1000 0.5047
0.1000 0.5052
0.1000 0.5058
0.1000 0.5064
0.1000 0.5070
0.1000 0.5076
0.1000 0.5081
0.1000 0.5087
0.1000 0.5093
0.1000 0.5099
0.1000 0.5105
0.1000 0.5110
0.1000 0.5116
0.1000 0.5122
0.1000 0.5128
0.1000 0.5134
0.1000 0.5140
0.1000 0.5145
0.1000 0.5151
0.1000 0.5157
0.1000 0.5163
0.1000 0.5169
0.1000 0.5174
0.1000 0.5180
0.1000 0.5186
0.1000 0.5192
0.1000 0.5198
0.1000 0.5203
0.1000 0.5209
0.1000 0.5215
0.1000 0.5221
0.1000 0.5227
0.1000 0.5233
0.1000 0.5238
0.1000 0.5244
0.1000 0.5250
0.1000 0.5256
0.1000 0.5262
0.1000 0.5267
0.1000 0.5273
0.1000 0.5279
0.1000 0.5285
0.1000 0.5291
0.1000 0.5297
0.1000 0.5302
0.1000 0.5308
0.1000 0.5314
0.1000 0.5320
0.1000 0.5326
0.1000 0.5331
0.1000 0.5337
0.1000 0.5343
0.1000 0.5349
0.1000 0.5355
0.1000 0.5360
0.1000 0.5366
0.1000 0.5372
0.1000 0.5378
0.1000 0.5384
0.1000 0.5390
0.1000 0.5395
0.1000 0.5401
0.1000 0.5407
0.1000 0.5413
0.1000 0.5419
0.1000 0.5424
0.1000 0.5430
0.1000 0.5436
0.1000 0.5442
0.1000 0.5448
0.1000 0.5453
0.1000 0.5459
0.1000 0.5465
0.1000 0.5471
0.1000 0.5477
0.1000 0.5483
0.1000 0.5488
0.1000 0.5494
0.1000 0.5500
0.1000 0.5506
0.1000 0.5512
0.1000 0.5517
0.1000 0.5523
0.1000 0.5529
0.1000 0.5535
0.1000 0.5541
0.1000 0.5547
0.1000 0.5552
0.1000 0.5558
0.1000 0.5564
0.1000 0.5570
0.1000 0.5576
0.1000 0.5581
0.1000 0.5587
0.1000 0.5593
0.1000 0.5599
0.1000 0.5605
0.1000 0.5610
0.1000 0.5616
0.1000 0.5622
0.1000 0.5628
0.1000 0.5634
0.1000 0.5640
0.1000 0.5645
0.1000 0.5651
0.1000 0.5657
0.1000 0.5663
0.1000 0.5669
0.1000 0.5674
0.1000 0.5680
0.1000 0.5686
0.1000 0.5692
0.1000 0.5698
0.1000 0.5703
0.1000 0.5709
0.1000 0.5715
0.1000 0.5721
0.1000 0.5727
0.1000 0.5733
0.2000 0.5738
0.2000 0.5744
0.2000 0.5750
0.2000 0.5756
0.2000 0.5762
0.2000 0.5767
0.2000 0.5773
0.2000 0.5779
0.2000 0.5785
0.2000 0.5791
0.2000 0.5797
0.2000 0.5802
0.2000 0.5808
0.2000 0.5814
0.2000 0.5820
0.2000 0.5826
0.2000 0.5831
0.2000 0.5837
0.2000 0.5843
0.2000 0.5849
0.2000 0.5855
0.2000 0.5860
0.2000 0.5866
0.2000 0.5872
0.2000 0.5878
0.2000 0.5884
0.2000 0.5890
0.2000 0.5895
0.2000 0.5901
0.2000 0.5907
0.2000 0.5913
0.2000 0.5919
0.2000 0.5924
0.2000 0.5930
0.2000 0.5936
0.2000 0.5942
0.2000 0.5948
0.2000 0.5953
0.2000 0.5959
0.2000 0.5965
0.2000 0.5971
0.2000 0.5977
0.2000 0.5983
0.2000 0.5988
0.2000 0.5994
0.2000 0.6000
0.2000 0.6006
0.2000 0.6012
0.2000 0.6017
0.2000 0.6023
0.2000 0.6029
0.2000 0.6035
0.2000 0.6041
0.2000 0.6047
0.2000 0.6052
0.2000 0.6058
0.2000 0.6064
0.2000 0.6070
0.2000 0.6076
0.2000 0.6081
0.2000 0.6087
0.2000 0.6093
0.2000 0.6099
0.2000 0.6105
0.2000 0.6110
0.2000 0.6116
0.2000 0.6122
0.2000 0.6128
0.2000 0.6134
0.2000 0.6140
0.2000 0.6145
0.2000 0.6151
0.2000 0.6157
0.2000 0.6163
0.2000 0.6169
0.2000 0.6174
0.2000 0.6180
0.2000 0.6186
0.2000 0.6192
0.2000 0.6198
0.2000 0.6203
0.2000 0.6209
0.2000 0.6215
0.2000 0.6221
0.2000 0.6227
0.2000 0.6233
0.2000 0.6238
0.2000 0.6244
0.2000 0.6250
0.2000 0.6256
0.2000 0.6262
0.2000 0.6267
0.2000 0.6273
0.2000 0.6279
0.2000 0.6285
0.2000 0.6291
0.2000 0.6297
0.2000 0.6302
0.2000 0.6308
0.2000 0.6314
0.2000 0.6320
0.2000 0.6326
0.2000 0.6331
0.2000 0.6337
0.2000 0.6343
0.2000 0.6349
0.2000 0.6355
0.2000 0.6360
0.2000 0.6366
0.2000 0.6372
0.2000 0.6378
0.2000 0.6384
0.2000 0.6390
0.2000 0.6395
0.2000 0.6401
0.2000 0.6407
0.2000 0.6413
0.2000 0.6419
0.2000 0.6424
0.2000 0.6430
0.2000 0.6436
0.2000 0.6442
0.2000 0.6448
0.2000 0.6453
0.2000 0.6459
0.2000 0.6465
0.2000 0.6471
0.2000 0.6477
0.2000 0.6483
0.2000 0.6488
0.2000 0.6494
0.2000 0.6500
0.2000 0.6506
0.2000 0.6512
0.2000 0.6517
0.2000 0.6523
0.2000 0.6529
0.2000 0.6535
0.2000 0.6541
0.2000 0.6547
0.2000 0.6552
0.2000 0.6558
0.2000 0.6564
0.2000 0.6570
0.2000 0.6576
0.2000 0.6581
0.2000 0.6587
0.2000 0.6593
0.2000 0.6599
0.2000 0.6605
0.2000 0.6610
0.2000 0.6616
0.2000 0.6622
0.2000 0.6628
0.2000 0.6634
0.2000 0.6640
0.2000 0.6645
0.2000 0.6651
0.2000 0.6657
0.2000 0.6663
0.2000 0.6669
0.2000 0.6674
0.2000 0.6680
0.2000 0.6686
0.2000 0.6692
0.2000 0.6698
0.2000 0.6703
0.2000 0.6709
0.2000 0.6715
0.2000 0.6721
0.2000 0.6727
0.2000 0.6733
0.2000 0.6738
0.2000 0.6744
0.2000 0.6750
0.2000 0.6756
0.2000 0.6762
0.2000 0.6767
0.2000 0.6773
0.2000 0.6779
0.2000 0.6785
0.2000 0.6791
0.2000 0.6797
0.2000 0.6802
0.2000 0.6808
0.2000 0.6814
0.2000 0.6820
0.2000 0.6826
0.2000 0.6831
0.2000 0.6837
0.2000 0.6843
0.2000 0.6849
0.2000 0.6855
0.2000 0.6860
0.2000 0.6866
0.2000 0.6872
0.2000 0.6878
0.2000 0.6884
0.2000 0.6890
0.2000 0.6895
0.2000 0.6901
0.2000 0.6907
0.2000 0.6913
0.2000 0.6919
0.2000 0.6924
0.2000 0.6930
0.2000 0.6936
0.2000 0.6942
0.2000 0.6948
0.2000 0.6953
0.2000 0.6959
0.2000 0.6965
0.2000 0.6971
0.2000 0.6977
0.2000 0.6983
0.2000 0.6988
0.2000 0.6994
0.2000 0.7000
0.2000 0.7006
0.2000 0.7012
0.2000 0.7017
0.2000 0.7023
0.2000 0.7029
0.2000 0.7035
0.2000 0.7041
0.2000 0.7047
0.2000 0.7052
0.2000 0.7058
0.2000 0.7064
0.2000 0.7070
0.2000 0.7076
0.2000 0.7081
0.2000 0.7087
0.2000 0.7093
0.2000 0.7099
0.2000 0.7105
0.2000 0.7110
0.2000 0.7116
0.2000 0.7122
0.2000 0.7128
0.2000 0.7134
0.2000 0.7140
0.2000 0.7145
0.2000 0.7151
0.2000 0.7157
0.2000 0.7163
0.2000 0.7169
0.2000 0.7174
0.2000 0.7180
0.2000 0.7186
0.2000 0.7192
0.2000 0.7198
0.2000 0.7203
0.2000 0.7209
0.2000 0.7215
0.2000 0.7221
0.2000 0.7227
0.2000 0.7233
0.2000 0.7238
0.2000 0.7244
0.2000 0.7250
0.2000 0.7256
0.2000 0.7262
0.2000 0.7267
0.2000 0.7273
0.2000 0.7279
0.2000 0.7285
0.2000 0.7291
0.2000 0.7297
0.2000 0.7302
0.2000 0.7308
0.2000 0.7314
0.2000 0.7320
0.2000 0.7326
0.2000 0.7331
0.2000 0.7337
0.2000 0.7343
0.2000 0.7349
0.2000 0.7355
0.2000 0.7360
0.2000 0.7366
0.2000 0.7372
0.2000 0.7378
0.2000 0.7384
0.2000 0.7390
0.2000 0.7395
0.2000 0.7401
0.2000 0.7407
0.2000 0.7413
0.2000 0.7419
0.2000 0.7424
0.2000 0.7430
0.2000 0.7436
0.2000 0.7442
0.2000 0.7448
0.2000 0.7453
0.2000 0.7459
0.2000 0.7465
0.2000 0.7471
0.2000 0.7477
0.2000 0.7483
0.2000 0.7488
0.2000 0.7494
0.2000 0.7500
0.2000 0.7506
0.2000 0.7512
0.2000 0.7517
0.2000 0.7523
0.2000 0.7529
0.2000 0.7535
0.2000 0.7541
0.2000 0.7547
0.2000 0.7552
0.2000 0.7558
0.2000 0.7564
0.2000 0.7570
0.2000 0.7576
0.2000 0.7581
0.2000 0.7587
0.2000 0.7593
0.2000 0.7599
0.2000 0.7605
0.2000 0.7610
0.2000 0.7616
0.2000 0.7622
0.2000 0.7628
0.2000 0.7634
0.2000 0.7640
0.2000 0.7645
0.2000 0.7651
0.2000 0.7657
0.2000 0.7663
0.2000 0.7669
0.2000 0.7674
0.2000 0.7680
0.2000 0.7686
0.2000 0.7692
0.2000 0.7698
0.2000 0.7703
0.2000 0.7709
0.2000 0.7715
0.2000 0.7721
0.2000 0.7727
0.2000 0.7733
0.2000 0.7738
0.2000 0.7744
0.2000 0.7750
0.2000 0.7756
0.2000 0.7762
0.2000 0.7767
0.2000 0.7773
0.2000 0.7779
0.2000 0.7785
0.2000 0.7791
0.2000 0.7797
0.2000 0.7802
0.2000 0.7808
0.2000 0.7814
0.2000 0.7820
0.2000 0.7826
0.2000 0.7831
0.2000 0.7837
0.2000 0.7843
0.2000 0.7849
0.2000 0.7855
0.2000 0.7860
0.2000 0.7866
0.2000 0.7872
0.2000 0.7878
0.2000 0.7884
0.2000 0.7890
0.2000 0.7895
0.2000 0.7901
0.2000 0.7907
0.2000 0.7913
0.2000 0.7919
0.2000 0.7924
0.2000 0.7930
0.2000 0.7936
0.2000 0.7942
