# messageDelay  cumulativeProbability
0.0000 0.0003
0.0900 0.0006
0.0900 0.0008
0.0900 0.0011
0.0900 0.0014
0.0900 0.0017
0.1000 0.0020
0.1000 0.0023
0.1000 0.0025
0.1000 0.0028
0.1000 0.0031
0.1000 0.0034
0.1000 0.0037
0.1000 0.0040
0.1000 0.0042
0.1000 0.0045
0.1000 0.0048
0.1000 0.0051
0.1000 0.0054
0.1000 0.0057
0.1000 0.0059
0.1000 0.0062
0.1000 0.0065
0.1000 0.0068
0.1000 0.0071
0.1000 0.0074
0.1000 0.0076
0.1000 0.0079
0.1000 0.0082
0.1000 0.0085
0.1000 0.0088
0.1000 0.0091
0.1000 0.0093
0.1000 0.0096
0.1000 0.0099
0.1000 0.0102
0.1000 0.0105
0.1000 0.0108
0.1000 0.0110
0.1000 0.0113
0.1000 0.0116
0.1000 0.0119
0.1000 0.0122
0.1000 0.0125
0.1000 0.0127
0.1000 0.0130
0.1000 0.0133
0.1000 0.0136
0.1000 0.0139
0.1000 0.0141
0.1000 0.0144
0.1000 0.0147
0.1000 0.0150
0.1000 0.0153
0.1000 0.0156
0.1000 0.0158
0.1000 0.0161
0.1000 0.0164
0.1000 0.0167
0.1000 0.0170
0.1000 0.0173
0.1000 0.0175
0.1000 0.0178
0.1000 0.0181
0.1000 0.0184
0.1000 0.0187
0.1000 0.0190
0.1000 0.0192
0.1000 0.0195
0.1000 0.0198
0.1000 0.0201
0.1000 0.0204
0.1000 0.0207
0.1000 0.0209
0.1000 0.0212
0.1000 0.0215
0.1000 0.0218
0.1000 0.0221
0.1000 0.0224
0.1000 0.0226
0.1000 0.0229
0.1000 0.0232
0.1000 0.0235
0.1000 0.0238
0.1000 0.0241
0.1000 0.0243
0.1000 0.0246
0.1000 0.0249
0.1000 0.0252
0.1000 0.0255
0.1000 0.0257
0.1000 0.0260
0.1000 0.0263
0.1000 0.0266
0.1000 0.0269
0.1000 0.0272
0.1000 0.0274
0.1000 0.0277
0.1000 0.0280
0.1000 0.0283
0.1000 0.0286
0.1000 0.0289
0.1000 0.0291
0.1000 0.0294
0.1000 0.0297
0.1000 0.0300
0.1000 0.0303
0.1000 0.0306
0.1000 0.0308
0.1000 0.0311
0.1000 0.0314
0.1000 0.0317
0.1000 0.0320
0.1000 0.0323
0.1000 0.0325
0.1000 0.0328
0.1000 0.0331
0.1000 0.0334
0.1000 0.0337
0.1000 0.0340
0.1000 0.0342
0.1000 0.0345
0.1000 0.0348
0.1000 0.0351
0.1000 0.0354
0.1000 0.0357
0.1000 0.0359
0.1000 0.0362
0.1000 0.0365
0.1000 0.0368
0.1000 0.0371
0.1000 0.0374
0.1000 0.0376
0.1000 0.0379
0.1000 0.0382
0.1000 0.0385
0.1000 0.0388
0.1000 0.0390
0.1000 0.0393
0.1000 0.0396
0.1000 0.0399
0.1000 0.0402
0.1000 0.0405
0.1000 0.0407
0.1000 0.0410
0.1000 0.0413
0.1000 0.0416
0.1000 0.0419
0.1000 0.0422
0.1000 0.0424
0.1000 0.0427
0.1000 0.0430
0.1000 0.0433
0.1000 0.0436
0.1000 0.0439
0.1000 0.0441
0.1000 0.0444
0.1000 0.0447
0.1000 0.0450
0.1000 0.0453
0.1000 0.0456
0.1000 0.0458
0.1000 0.0461
0.1000 0.0464
0.1000 0.0467
0.1000 0.0470
0.1000 0.0473
0.1000 0.0475
0.1000 0.0478
0.1000 0.0481
0.1000 0.0484
0.1000 0.0487
0.1000 0.0490
0.1000 0.0492
0.1000 0.0495
0.1000 0.0498
0.1000 0.0501
0.1000 0.0504
0.1000 0.0507
0.1000 0.0509
0.1000 0.0512
0.1000 0.0515
0.1000 0.0518
0.1000 0.0521
0.1000 0.0523
0.1000 0.0526
0.1000 0.0529
0.1000 0.0532
0.1000 0.0535
0.1000 0.0538
0.1000 0.0540
0.1000 0.0543
0.1000 0.0546
0.1000 0.0549
0.1000 0.0552
0.1000 0.0555
0.1000 0.0557
0.1000 0.0560
0.1000 0.0563
0.1000 0.0566
0.1000 0.0569
0.1000 0.0572
0.1000 0.0574
0.1000 0.0577
0.1000 0.0580
0.1000 0.0583
0.1000 0.0586
0.1000 0.0589
0.1000 0.0591
0.1000 0.0594
0.1000 0.0597
0.1000 0.0600
0.1000 0.0603
0.1000 0.0606
0.1000 0.0608
0.1000 0.0611
0.1000 0.0614
0.1000 0.0617
0.1000 0.0620
0.1000 0.0623
0.1000 0.0625
0.1000 0.0628
0.1000 0.0631
0.1000 0.0634
0.1000 0.0637
0.1000 0.0640
0.1000 0.0642
0.1000 0.0645
0.1000 0.0648
0.1000 0.0651
0.1000 0.0654
0.1000 0.0656
0.1000 0.0659
0.1000 0.0662
0.1000 0.0665
0.1000 0.0668
0.1000 0.0671
0.1000 0.0673
0.1000 0.0676
0.1000 0.0679
0.1000 0.0682
0.1000 0.0685
0.1000 0.0688
0.1000 0.0690
0.1000 0.0693
0.1000 0.0696
0.1000 0.0699
0.1000 0.0702
0.1000 0.0705
0.1000 0.0707
0.1000 0.0710
0.1000 0.0713
0.1000 0.0716
0.1000 0.0719
0.1000 0.0722
0.1000 0.0724
0.1000 0.0727
0.1000 0.0730
0.1000 0.0733
0.1000 0.0736
0.1000 0.0739
0.1000 0.0741
0.1000 0.0744
0.1000 0.0747
0.1000 0.0750
0.1000 0.0753
0.1000 0.0756
0.1000 0.0758
0.1000 0.0761
0.1000 0.0764
0.1000 0.0767
0.1000 0.0770
0.1000 0.0772
0.1000 0.0775
0.1000 0.0778
0.1000 0.0781
0.1000 0.0784
0.1000 0.0787
0.1000 0.0789
0.1000 0.0792
0.1000 0.0795
0.1000 0.0798
0.1000 0.0801
0.1000 0.0804
0.1000 0.0806
0.1000 0.0809
0.1000 0.0812
0.1000 0.0815
0.1000 0.0818
0.1000 0.0821
0.1000 0.0823
0.1000 0.0826
0.1000 0.0829
0.1000 0.0832
0.1000 0.0835
0.1000 0.0838
0.1000 0.0840
0.1000 0.0843
0.1000 0.0846
0.1000 0.0849
0.1000 0.0852
0.1000 0.0855
0.1000 0.0857
0.1000 0.0860
0.1000 0.0863
0.1000 0.0866
0.1000 0.0869
0.1000 0.0872
0.1000 0.0874
0.1000 0.0877
0.1000 0.0880
0.1000 0.0883
0.1000 0.0886
0.1000 0.0889
0.1000 0.0891
0.1000 0.0894
0.1000 0.0897
0.1000 0.0900
0.1000 0.0903
0.1000 0.0905
0.1000 0.0908
0.1000 0.0911
0.1000 0.0914
0.1000 0.0917
0.1000 0.0920
0.1000 0.0922
0.1000 0.0925
0.1000 0.0928
0.1000 0.0931
0.1000 0.0934
0.1000 0.0937
0.1000 0.0939
0.1000 0.0942
0.1000 0.0945
0.1000 0.0948
0.1000 0.0951
0.1000 0.0954
0.1000 0.0956
0.1000 0.0959
0.1000 0.0962
0.1000 0.0965
0.1000 0.0968
0.1000 0.0971
0.1000 0.0973
0.1000 0.0976
0.1000 0.0979
0.1000 0.0982
0.1000 0.0985
0.1000 0.0988
0.1000 0.0990
0.1000 0.0993
0.1000 0.0996
0.1000 0.0999
0.1000 0.1002
0.1000 0.1005
0.1000 0.1007
0.1000 0.1010
0.1000 0.1013
0.1000 0.1016
0.1000 0.1019
0.1000 0.1022
0.1000 0.1024
0.1000 0.1027
0.1000 0.1030
0.1000 0.1033
0.1000 0.1036
0.1000 0.1038
0.1000 0.1041
0.1000 0.1044
0.1000 0.1047
0.1000 0.1050
0.1000 0.1053
0.1000 0.1055
0.1000 0.1058
0.1000 0.1061
0.1000 0.1064
0.1000 0.1067
0.1000 0.1070
0.1000 0.1072
0.1000 0.1075
0.1000 0.1078
0.1000 0.1081
0.1000 0.1084
0.1000 0.1087
0.1000 0.1089
0.1000 0.1092
0.1000 0.1095
0.1000 0.1098
0.1000 0.1101
0.1000 0.1104
0.1000 0.1106
0.1000 0.1109
0.1000 0.1112
0.1000 0.1115
0.1000 0.1118
0.1000 0.1121
0.1000 0.1123
0.1000 0.1126
0.1800 0.1129
0.1800 0.1132
0.1800 0.1135
0.1800 0.1138
0.1800 0.1140
0.1800 0.1143
0.1800 0.1146
0.1800 0.1149
0.1800 0.1152
0.1800 0.1154
0.1800 0.1157
0.1800 0.1160
0.1800 0.1163
0.1800 0.1166
0.1800 0.1169
0.1800 0.1171
0.1800 0.1174
0.1800 0.1177
0.1800 0.1180
0.1800 0.1183
0.1800 0.1186
0.1900 0.1188
0.1900 0.1191
0.1900 0.1194
0.1900 0.1197
0.1900 0.1200
0.1900 0.1203
0.1900 0.1205
0.1900 0.1208
0.1900 0.1211
0.1900 0.1214
0.1900 0.1217
0.1900 0.1220
0.1900 0.1222
0.1900 0.1225
0.1900 0.1228
0.1900 0.1231
0.1900 0.1234
0.1900 0.1237
0.1900 0.1239
0.1900 0.1242
0.1900 0.1245
0.1900 0.1248
0.1900 0.1251
0.1900 0.1254
0.1900 0.1256
0.1900 0.1259
0.1900 0.1262
0.1900 0.1265
0.1900 0.1268
0.1900 0.1271
0.1900 0.1273
0.1900 0.1276
0.1900 0.1279
0.1900 0.1282
0.1900 0.1285
0.1900 0.1287
0.1900 0.1290
0.1900 0.1293
0.1900 0.1296
0.1900 0.1299
0.1900 0.1302
0.1900 0.1304
0.1900 0.1307
0.1900 0.1310
0.1900 0.1313
0.1900 0.1316
0.1900 0.1319
0.1900 0.1321
0.1900 0.1324
0.1900 0.1327
0.1900 0.1330
0.1900 0.1333
0.1900 0.1336
0.1900 0.1338
0.1900 0.1341
0.1900 0.1344
0.1900 0.1347
0.1900 0.1350
0.1900 0.1353
0.1900 0.1355
0.1900 0.1358
0.1900 0.1361
0.1900 0.1364
0.1900 0.1367
0.1900 0.1370
0.1900 0.1372
0.1900 0.1375
0.1900 0.1378
0.1900 0.1381
0.1900 0.1384
0.1900 0.1387
0.1900 0.1389
0.1900 0.1392
0.1900 0.1395
0.1900 0.1398
0.1900 0.1401
0.1900 0.1404
0.1900 0.1406
0.1900 0.1409
0.1900 0.1412
0.1900 0.1415
0.1900 0.1418
0.1900 0.1420
0.1900 0.1423
0.1900 0.1426
0.1900 0.1429
0.1900 0.1432
0.1900 0.1435
0.1900 0.1437
0.1900 0.1440
0.1900 0.1443
0.1900 0.1446
0.1900 0.1449
0.1900 0.1452
0.1900 0.1454
0.1900 0.1457
0.1900 0.1460
0.1900 0.1463
0.1900 0.1466
0.1900 0.1469
0.1900 0.1471
0.1900 0.1474
0.1900 0.1477
0.1900 0.1480
0.1900 0.1483
0.1900 0.1486
0.1900 0.1488
0.1900 0.1491
0.1900 0.1494
0.1900 0.1497
0.1900 0.1500
0.1900 0.1503
0.1900 0.1505
0.1900 0.1508
0.1900 0.1511
0.1900 0.1514
0.1900 0.1517
0.1900 0.1520
0.1900 0.1522
0.1900 0.1525
0.1900 0.1528
0.1900 0.1531
0.1900 0.1534
0.1900 0.1537
0.1900 0.1539
0.1900 0.1542
0.2000 0.1545
0.2000 0.1548
0.2000 0.1551
0.2000 0.1553
0.2000 0.1556
0.2000 0.1559
0.2000 0.1562
0.2000 0.1565
0.2000 0.1568
0.2000 0.1570
0.2000 0.1573
0.2000 0.1576
0.2000 0.1579
0.2000 0.1582
0.2000 0.1585
0.2000 0.1587
0.2000 0.1590
0.2000 0.1593
0.2000 0.1596
0.2000 0.1599
0.2000 0.1602
0.2000 0.1604
0.2000 0.1607
0.2000 0.1610
0.2000 0.1613
0.2000 0.1616
0.2000 0.1619
0.2000 0.1621
0.2000 0.1624
0.2000 0.1627
0.2000 0.1630
0.2000 0.1633
0.2000 0.1636
0.2000 0.1638
0.2000 0.1641
0.2000 0.1644
0.2000 0.1647
0.2000 0.1650
0.2000 0.1653
0.2000 0.1655
0.2000 0.1658
0.2000 0.1661
0.2000 0.1664
0.2000 0.1667
0.2000 0.1669
0.2000 0.1672
0.2000 0.1675
0.2000 0.1678
0.2000 0.1681
0.2000 0.1684
0.2000 0.1686
0.2000 0.1689
0.2000 0.1692
0.2000 0.1695
0.2000 0.1698
0.2000 0.1701
0.2000 0.1703
0.2000 0.1706
0.2000 0.1709
0.2000 0.1712
0.2000 0.1715
0.2000 0.1718
0.2000 0.1720
0.2000 0.1723
0.2000 0.1726
0.2000 0.1729
0.2000 0.1732
0.2000 0.1735
0.2000 0.1737
0.2000 0.1740
0.2000 0.1743
0.2000 0.1746
0.2000 0.1749
0.2000 0.1752
0.2000 0.1754
0.2000 0.1757
0.2000 0.1760
0.2000 0.1763
0.2000 0.1766
0.2000 0.1769
0.2000 0.1771
0.2000 0.1774
0.2000 0.1777
0.2000 0.1780
0.2000 0.1783
0.2000 0.1786
0.2000 0.1788
0.2000 0.1791
0.2000 0.1794
0.2000 0.1797
0.2000 0.1800
0.2000 0.1802
0.2000 0.1805
0.2000 0.1808
0.2000 0.1811
0.2000 0.1814
0.2000 0.1817
0.2000 0.1819
0.2000 0.1822
0.2000 0.1825
0.2000 0.1828
0.2000 0.1831
0.2000 0.1834
0.2000 0.1836
0.2000 0.1839
0.2000 0.1842
0.2000 0.1845
0.2000 0.1848
0.2000 0.1851
0.2000 0.1853
0.2000 0.1856
0.2000 0.1859
0.2000 0.1862
0.2000 0.1865
0.2000 0.1868
0.2000 0.1870
0.2000 0.1873
0.2000 0.1876
0.2000 0.1879
0.2000 0.1882
0.2000 0.1885
0.2000 0.1887
0.2000 0.1890
0.2000 0.1893
0.2000 0.1896
0.2000 0.1899
0.2000 0.1902
0.2000 0.1904
0.2000 0.1907
0.2000 0.1910
0.2000 0.1913
0.2000 0.1916
0.2000 0.1919
0.2000 0.1921
0.2000 0.1924
0.2000 0.1927
0.2000 0.1930
0.2000 0.1933
0.2000 0.1935
0.2000 0.1938
0.2000 0.1941
0.2000 0.1944
0.2000 0.1947
0.2000 0.1950
0.2000 0.1952
0.2000 0.1955
0.2000 0.1958
0.2000 0.1961
0.2000 0.1964
0.2000 0.1967
0.2000 0.1969
0.2000 0.1972
0.2000 0.1975
0.2000 0.1978
0.2000 0.1981
0.2000 0.1984
0.2000 0.1986
0.2000 0.1989
0.2000 0.1992
0.2000 0.1995
0.2000 0.1998
0.2000 0.2001
0.2000 0.2003
0.2000 0.2006
0.2000 0.2009
0.2000 0.2012
0.2000 0.2015
0.2000 0.2018
0.2000 0.2020
0.2000 0.2023
0.2000 0.2026
0.2000 0.2029
0.2000 0.2032
0.2000 0.2035
0.2000 0.2037
0.2000 0.2040
0.2000 0.2043
0.2000 0.2046
0.2000 0.2049
0.2000 0.2051
0.2000 0.2054
0.2000 0.2057
0.2000 0.2060
0.2000 0.2063
0.2000 0.2066
0.2000 0.2068
0.2000 0.2071
0.2000 0.2074
0.2000 0.2077
0.2000 0.2080
0.2000 0.2083
0.2000 0.2085
0.2000 0.2088
0.2000 0.2091
0.2000 0.2094
0.2000 0.2097
0.2000 0.2100
0.2000 0.2102
0.2000 0.2105
0.2000 0.2108
0.2000 0.2111
0.2000 0.2114
0.2000 0.2117
0.2000 0.2119
0.2000 0.2122
0.2000 0.2125
0.2000 0.2128
0.2000 0.2131
0.2000 0.2134
0.2000 0.2136
0.2000 0.2139
0.2000 0.2142
0.2000 0.2145
0.2000 0.2148
0.2000 0.2151
0.2000 0.2153
0.2000 0.2156
0.2000 0.2159
0.2000 0.2162
0.2000 0.2165
0.2000 0.2168
0.2000 0.2170
0.2000 0.2173
0.2000 0.2176
0.2000 0.2179
0.2000 0.2182
0.2000 0.2184
0.2000 0.2187
0.2000 0.2190
0.2000 0.2193
0.2000 0.2196
0.2000 0.2199
0.2000 0.2201
0.2000 0.2204
0.2000 0.2207
0.2000 0.2210
0.2000 0.2213
0.2000 0.2216
0.2000 0.2218
0.2000 0.2221
0.2000 0.2224
0.2000 0.2227
0.2000 0.2230
0.2000 0.2233
0.2000 0.2235
0.2000 0.2238
0.2000 0.2241
0.2000 0.2244
0.2000 0.2247
0.2000 0.2250
0.2000 0.2252
0.2000 0.2255
0.2000 0.2258
0.2700 0.2261
0.2700 0.2264
0.2700 0.2267
0.2700 0.2269
0.2700 0.2272
0.2700 0.2275
0.2700 0.2278
0.2700 0.2281
0.2700 0.2284
0.2700 0.2286
0.2700 0.2289
0.2700 0.2292
0.2700 0.2295
0.2700 0.2298
0.2700 0.2301
0.2700 0.2303
0.2700 0.2306
0.2700 0.2309
0.2700 0.2312
0.2700 0.2315
0.2700 0.2317
0.2700 0.2320
0.2700 0.2323
0.2800 0.2326
0.2800 0.2329
0.2800 0.2332
0.2800 0.2334
0.2800 0.2337
0.2800 0.2340
0.2800 0.2343
0.2800 0.2346
0.2800 0.2349
0.2800 0.2351
0.2800 0.2354
0.2800 0.2357
0.2800 0.2360
0.2800 0.2363
0.2800 0.2366
0.2800 0.2368
0.2800 0.2371
0.2800 0.2374
0.2800 0.2377
0.2800 0.2380
0.2800 0.2383
0.2800 0.2385
0.2800 0.2388
0.2800 0.2391
0.2800 0.2394
0.2800 0.2397
0.2800 0.2400
0.2800 0.2402
0.2800 0.2405
0.2800 0.2408
0.2800 0.2411
0.2800 0.2414
0.2800 0.2417
0.2800 0.2419
0.2800 0.2422
0.2800 0.2425
0.2800 0.2428
0.2800 0.2431
0.2800 0.2434
0.2800 0.2436
0.2800 0.2439
0.2800 0.2442
0.2800 0.2445
0.2800 0.2448
0.2800 0.2450
0.2800 0.2453
0.2800 0.2456
0.2800 0.2459
0.2800 0.2462
0.2800 0.2465
0.2800 0.2467
0.2800 0.2470
0.2800 0.2473
0.2800 0.2476
0.2800 0.2479
0.2800 0.2482
0.2800 0.2484
0.2800 0.2487
0.2800 0.2490
0.2800 0.2493
0.2800 0.2496
0.2800 0.2499
0.2800 0.2501
0.2800 0.2504
0.2800 0.2507
0.2800 0.2510
0.2800 0.2513
0.2800 0.2516
0.2800 0.2518
0.2800 0.2521
0.2800 0.2524
0.2800 0.2527
0.2800 0.2530
0.2800 0.2533
0.2800 0.2535
0.2800 0.2538
0.2800 0.2541
0.2800 0.2544
0.2800 0.2547
0.2800 0.2550
0.2800 0.2552
0.2800 0.2555
0.2800 0.2558
0.2800 0.2561
0.2800 0.2564
0.2800 0.2566
0.2800 0.2569
0.2800 0.2572
0.2800 0.2575
0.2800 0.2578
0.2800 0.2581
0.2800 0.2583
0.2800 0.2586
0.2800 0.2589
0.2800 0.2592
0.2800 0.2595
0.2800 0.2598
0.2800 0.2600
0.2800 0.2603
0.2800 0.2606
0.2800 0.2609
0.2800 0.2612
0.2800 0.2615
0.2800 0.2617
0.2800 0.2620
0.2800 0.2623
0.2800 0.2626
0.2800 0.2629
0.2800 0.2632
0.2800 0.2634
0.2800 0.2637
0.2800 0.2640
0.2800 0.2643
0.2800 0.2646
0.2800 0.2649
0.2800 0.2651
0.2800 0.2654
0.2800 0.2657
0.2900 0.2660
0.2900 0.2663
0.2900 0.2666
0.2900 0.2668
0.2900 0.2671
0.2900 0.2674
0.2900 0.2677
0.2900 0.2680
0.2900 0.2683
0.2900 0.2685
0.2900 0.2688
0.2900 0.2691
0.2900 0.2694
0.2900 0.2697
0.2900 0.2699
0.2900 0.2702
0.2900 0.2705
0.2900 0.2708
0.2900 0.2711
0.2900 0.2714
0.2900 0.2716
0.2900 0.2719
0.2900 0.2722
0.2900 0.2725
0.2900 0.2728
0.2900 0.2731
0.2900 0.2733
0.2900 0.2736
0.2900 0.2739
0.2900 0.2742
0.2900 0.2745
0.2900 0.2748
0.2900 0.2750
0.2900 0.2753
0.2900 0.2756
0.2900 0.2759
0.2900 0.2762
0.2900 0.2765
0.2900 0.2767
0.2900 0.2770
0.2900 0.2773
0.2900 0.2776
0.2900 0.2779
0.2900 0.2782
0.2900 0.2784
0.2900 0.2787
0.2900 0.2790
0.2900 0.2793
0.2900 0.2796
0.2900 0.2799
0.2900 0.2801
0.2900 0.2804
0.2900 0.2807
0.2900 0.2810
0.2900 0.2813
0.2900 0.2816
0.2900 0.2818
0.2900 0.2821
0.2900 0.2824
0.2900 0.2827
0.2900 0.2830
0.2900 0.2832
0.2900 0.2835
0.2900 0.2838
0.2900 0.2841
0.2900 0.2844
0.2900 0.2847
0.2900 0.2849
0.2900 0.2852
0.2900 0.2855
0.2900 0.2858
0.2900 0.2861
0.2900 0.2864
0.2900 0.2866
0.2900 0.2869
0.2900 0.2872
0.2900 0.2875
0.2900 0.2878
0.2900 0.2881
0.2900 0.2883
0.2900 0.2886
0.2900 0.2889
0.2900 0.2892
0.2900 0.2895
0.2900 0.2898
0.2900 0.2900
0.2900 0.2903
0.2900 0.2906
0.2900 0.2909
0.2900 0.2912
0.2900 0.2915
0.2900 0.2917
0.2900 0.2920
0.2900 0.2923
0.2900 0.2926
0.2900 0.2929
0.2900 0.2932
0.3000 0.2934
0.3600 0.2937
0.3600 0.2940
0.3600 0.2943
0.3600 0.2946
0.3600 0.2949
0.3600 0.2951
0.3600 0.2954
0.3600 0.2957
0.3600 0.2960
0.3600 0.2963
0.3600 0.2965
0.3600 0.2968
0.3600 0.2971
0.3600 0.2974
0.3600 0.2977
0.3600 0.2980
0.3600 0.2982
0.3600 0.2985
0.3600 0.2988
0.3600 0.2991
0.3600 0.2994
0.3600 0.2997
0.3600 0.2999
0.3600 0.3002
0.3600 0.3005
0.3600 0.3008
0.3600 0.3011
0.3600 0.3014
0.3700 0.3016
0.3700 0.3019
0.3700 0.3022
0.3700 0.3025
0.3700 0.3028
0.3700 0.3031
0.3700 0.3033
0.3700 0.3036
0.3700 0.3039
0.3700 0.3042
0.3700 0.3045
0.3700 0.3048
0.3700 0.3050
0.3700 0.3053
0.3700 0.3056
0.3700 0.3059
0.3700 0.3062
0.3700 0.3065
0.3700 0.3067
0.3700 0.3070
0.3700 0.3073
0.3700 0.3076
0.3700 0.3079
0.3700 0.3081
0.3700 0.3084
0.3700 0.3087
0.3700 0.3090
0.3700 0.3093
0.3700 0.3096
0.3700 0.3098
0.3700 0.3101
0.3700 0.3104
0.3700 0.3107
0.3700 0.3110
0.3700 0.3113
0.3700 0.3115
0.3700 0.3118
0.3700 0.3121
0.3700 0.3124
0.3700 0.3127
0.3700 0.3130
0.3700 0.3132
0.3700 0.3135
0.3700 0.3138
0.3700 0.3141
0.3700 0.3144
0.3700 0.3147
0.3700 0.3149
0.3700 0.3152
0.3700 0.3155
0.3700 0.3158
0.3700 0.3161
0.3700 0.3164
0.3700 0.3166
0.3700 0.3169
0.3700 0.3172
0.3700 0.3175
0.3700 0.3178
0.3700 0.3181
0.3700 0.3183
0.3700 0.3186
0.3700 0.3189
0.3700 0.3192
0.3700 0.3195
0.3700 0.3198
0.3700 0.3200
0.3700 0.3203
0.3700 0.3206
0.3700 0.3209
0.3700 0.3212
0.3700 0.3214
0.3700 0.3217
0.3700 0.3220
0.3700 0.3223
0.3700 0.3226
0.3700 0.3229
0.3700 0.3231
0.3700 0.3234
0.3700 0.3237
0.3700 0.3240
0.3700 0.3243
0.3700 0.3246
0.3700 0.3248
0.3700 0.3251
0.3700 0.3254
0.3700 0.3257
0.3700 0.3260
0.3700 0.3263
0.3700 0.3265
0.3700 0.3268
0.3700 0.3271
0.3700 0.3274
0.3700 0.3277
0.3700 0.3280
0.3700 0.3282
0.3700 0.3285
0.3700 0.3288
0.3700 0.3291
0.3700 0.3294
0.3700 0.3297
0.3700 0.3299
0.3700 0.3302
0.3700 0.3305
0.3700 0.3308
0.3700 0.3311
0.3700 0.3314
0.3700 0.3316
0.3700 0.3319
0.3700 0.3322
0.3700 0.3325
0.3700 0.3328
0.3700 0.3331
0.3700 0.3333
0.3700 0.3336
0.3800 0.3339
0.3800 0.3342
0.3800 0.3345
0.3800 0.3347
0.3800 0.3350
0.3800 0.3353
0.3800 0.3356
0.3800 0.3359
0.3800 0.3362
0.3800 0.3364
0.3800 0.3367
0.3800 0.3370
0.3800 0.3373
0.3800 0.3376
0.3800 0.3379
0.3800 0.3381
0.3800 0.3384
0.3800 0.3387
0.3800 0.3390
0.3800 0.3393
0.3800 0.3396
0.3800 0.3398
0.3800 0.3401
0.3800 0.3404
0.3800 0.3407
0.3800 0.3410
0.3800 0.3413
0.3800 0.3415
0.3800 0.3418
0.3800 0.3421
0.3800 0.3424
0.3800 0.3427
0.3800 0.3430
0.3800 0.3432
0.3800 0.3435
0.3800 0.3438
0.3800 0.3441
0.3800 0.3444
0.3800 0.3447
0.3800 0.3449
0.3800 0.3452
0.3800 0.3455
0.3800 0.3458
0.3800 0.3461
0.3800 0.3463
0.3800 0.3466
0.3800 0.3469
0.3800 0.3472
0.3800 0.3475
0.3800 0.3478
0.3800 0.3480
0.3800 0.3483
0.3800 0.3486
0.3800 0.3489
0.3800 0.3492
0.3800 0.3495
0.3800 0.3497
0.3800 0.3500
0.3800 0.3503
0.3800 0.3506
0.3800 0.3509
0.3800 0.3512
0.3800 0.3514
0.3800 0.3517
0.3900 0.3520
0.4400 0.3523
0.4500 0.3526
0.4500 0.3529
0.4500 0.3531
0.4500 0.3534
0.4500 0.3537
0.4500 0.3540
0.4500 0.3543
0.4500 0.3546
0.4500 0.3548
0.4500 0.3551
0.4500 0.3554
0.4500 0.3557
0.4500 0.3560
0.4500 0.3563
0.4500 0.3565
0.4500 0.3568
0.4500 0.3571
0.4500 0.3574
0.4500 0.3577
0.4500 0.3580
0.4500 0.3582
0.4500 0.3585
0.4500 0.3588
0.4500 0.3591
0.4500 0.3594
0.4500 0.3596
0.4500 0.3599
0.4500 0.3602
0.4600 0.3605
0.4600 0.3608
0.4600 0.3611
0.4600 0.3613
0.4600 0.3616
0.4600 0.3619
0.4600 0.3622
0.4600 0.3625
0.4600 0.3628
0.4600 0.3630
0.4600 0.3633
0.4600 0.3636
0.4600 0.3639
0.4600 0.3642
0.4600 0.3645
0.4600 0.3647
0.4600 0.3650
0.4600 0.3653
0.4600 0.3656
0.4600 0.3659
0.4600 0.3662
0.4600 0.3664
0.4600 0.3667
0.4600 0.3670
0.4600 0.3673
0.4600 0.3676
0.4600 0.3679
0.4600 0.3681
0.4600 0.3684
0.4600 0.3687
0.4600 0.3690
0.4600 0.3693
0.4600 0.3696
0.4600 0.3698
0.4600 0.3701
0.4600 0.3704
0.4600 0.3707
0.4600 0.3710
0.4600 0.3713
0.4600 0.3715
0.4600 0.3718
0.4600 0.3721
0.4600 0.3724
0.4600 0.3727
0.4600 0.3729
0.4600 0.3732
0.4600 0.3735
0.4600 0.3738
0.4600 0.3741
0.4600 0.3744
0.4600 0.3746
0.4600 0.3749
0.4600 0.3752
0.4600 0.3755
0.4600 0.3758
0.4600 0.3761
0.4600 0.3763
0.4600 0.3766
0.4600 0.3769
0.4600 0.3772
0.4600 0.3775
0.4600 0.3778
0.4600 0.3780
0.4600 0.3783
0.4600 0.3786
0.4600 0.3789
0.4600 0.3792
0.4600 0.3795
0.4600 0.3797
0.4600 0.3800
0.4600 0.3803
0.4600 0.3806
0.4600 0.3809
0.4600 0.3812
0.4600 0.3814
0.4600 0.3817
0.4600 0.3820
0.4600 0.3823
0.4600 0.3826
0.4600 0.3829
0.4600 0.3831
0.4600 0.3834
0.4600 0.3837
0.4600 0.3840
0.4600 0.3843
0.4600 0.3846
0.4600 0.3848
0.4600 0.3851
0.4600 0.3854
0.4600 0.3857
0.4600 0.3860
0.4600 0.3862
0.4600 0.3865
0.4600 0.3868
0.4600 0.3871
0.4600 0.3874
0.4600 0.3877
0.4600 0.3879
0.4600 0.3882
0.4600 0.3885
0.4600 0.3888
0.4600 0.3891
0.4600 0.3894
0.4600 0.3896
0.4600 0.3899
0.4600 0.3902
0.4600 0.3905
0.4600 0.3908
0.4600 0.3911
0.4600 0.3913
0.4600 0.3916
0.4600 0.3919
0.4600 0.3922
0.4600 0.3925
0.4700 0.3928
0.4700 0.3930
0.4700 0.3933
0.4700 0.3936
0.4700 0.3939
0.4700 0.3942
0.4700 0.3945
0.4700 0.3947
0.4700 0.3950
0.4700 0.3953
0.4700 0.3956
0.4700 0.3959
0.4700 0.3962
0.4700 0.3964
0.4700 0.3967
0.4700 0.3970
0.4700 0.3973
0.4700 0.3976
0.4700 0.3978
0.4700 0.3981
0.4700 0.3984
0.4700 0.3987
0.4700 0.3990
0.4700 0.3993
0.4700 0.3995
0.4700 0.3998
0.4700 0.4001
0.4700 0.4004
0.4700 0.4007
0.4700 0.4010
0.4700 0.4012
0.4700 0.4015
0.4700 0.4018
0.4700 0.4021
0.4700 0.4024
0.4700 0.4027
0.4700 0.4029
0.4700 0.4032
0.4700 0.4035
0.4700 0.4038
0.4700 0.4041
0.4700 0.4044
0.4700 0.4046
0.4700 0.4049
0.4700 0.4052
0.4700 0.4055
0.4700 0.4058
0.4700 0.4061
0.4700 0.4063
0.4700 0.4066
0.4700 0.4069
0.4700 0.4072
0.4700 0.4075
0.4700 0.4078
0.4700 0.4080
0.4700 0.4083
0.4700 0.4086
0.4700 0.4089
0.4700 0.4092
0.4700 0.4095
0.4700 0.4097
0.4700 0.4100
0.4700 0.4103
0.4800 0.4106
0.5300 0.4109
0.5300 0.4111
0.5400 0.4114
0.5400 0.4117
0.5400 0.4120
0.5400 0.4123
0.5400 0.4126
0.5400 0.4128
0.5400 0.4131
0.5400 0.4134
0.5400 0.4137
0.5400 0.4140
0.5400 0.4143
0.5400 0.4145
0.5400 0.4148
0.5400 0.4151
0.5400 0.4154
0.5400 0.4157
0.5400 0.4160
0.5400 0.4162
0.5400 0.4165
0.5400 0.4168
0.5400 0.4171
0.5400 0.4174
0.5400 0.4177
0.5400 0.4179
0.5400 0.4182
0.5400 0.4185
0.5400 0.4188
0.5400 0.4191
0.5400 0.4194
0.5500 0.4196
0.5500 0.4199
0.5500 0.4202
0.5500 0.4205
0.5500 0.4208
0.5500 0.4211
0.5500 0.4213
0.5500 0.4216
0.5500 0.4219
0.5500 0.4222
0.5500 0.4225
0.5500 0.4228
0.5500 0.4230
0.5500 0.4233
0.5500 0.4236
0.5500 0.4239
0.5500 0.4242
0.5500 0.4244
0.5500 0.4247
0.5500 0.4250
0.5500 0.4253
0.5500 0.4256
0.5500 0.4259
0.5500 0.4261
0.5500 0.4264
0.5500 0.4267
0.5500 0.4270
0.5500 0.4273
0.5500 0.4276
0.5500 0.4278
0.5500 0.4281
0.5500 0.4284
0.5500 0.4287
0.5500 0.4290
0.5500 0.4293
0.5500 0.4295
0.5500 0.4298
0.5500 0.4301
0.5500 0.4304
0.5500 0.4307
0.5500 0.4310
0.5500 0.4312
0.5500 0.4315
0.5500 0.4318
0.5500 0.4321
0.5500 0.4324
0.5500 0.4327
0.5500 0.4329
0.5500 0.4332
0.5500 0.4335
0.5500 0.4338
0.5500 0.4341
0.5500 0.4344
0.5500 0.4346
0.5500 0.4349
0.5500 0.4352
0.5500 0.4355
0.5500 0.4358
0.5500 0.4360
0.5500 0.4363
0.5500 0.4366
0.5500 0.4369
0.5500 0.4372
0.5500 0.4375
0.5500 0.4377
0.5500 0.4380
0.5500 0.4383
0.5500 0.4386
0.5500 0.4389
0.5500 0.4392
0.5500 0.4394
0.5500 0.4397
0.5500 0.4400
0.5500 0.4403
0.5500 0.4406
0.5500 0.4409
0.5500 0.4411
0.5500 0.4414
0.5500 0.4417
0.5500 0.4420
0.5500 0.4423
0.5500 0.4426
0.5500 0.4428
0.5500 0.4431
0.5500 0.4434
0.5500 0.4437
0.5500 0.4440
0.5500 0.4443
0.5500 0.4445
0.5500 0.4448
0.5500 0.4451
0.5500 0.4454
0.5500 0.4457
0.5500 0.4460
0.5500 0.4462
0.5500 0.4465
0.5500 0.4468
0.5500 0.4471
0.5500 0.4474
0.5500 0.4477
0.5500 0.4479
0.5500 0.4482
0.5500 0.4485
0.5500 0.4488
0.5500 0.4491
0.5500 0.4493
0.5500 0.4496
0.5500 0.4499
0.5500 0.4502
0.5500 0.4505
0.5500 0.4508
0.5500 0.4510
0.5600 0.4513
0.5600 0.4516
0.5600 0.4519
0.5600 0.4522
0.5600 0.4525
0.5600 0.4527
0.5600 0.4530
0.5600 0.4533
0.5600 0.4536
0.5600 0.4539
0.5600 0.4542
0.5600 0.4544
0.5600 0.4547
0.5600 0.4550
0.5600 0.4553
0.5600 0.4556
0.5600 0.4559
0.5600 0.4561
0.5600 0.4564
0.5600 0.4567
0.5600 0.4570
0.5600 0.4573
0.5600 0.4576
0.5600 0.4578
0.5600 0.4581
0.5600 0.4584
0.5600 0.4587
0.5600 0.4590
0.5600 0.4593
0.5600 0.4595
0.5600 0.4598
0.5600 0.4601
0.5600 0.4604
0.5600 0.4607
0.5600 0.4610
0.5600 0.4612
0.5600 0.4615
0.5600 0.4618
0.5600 0.4621
0.5600 0.4624
0.5600 0.4626
0.5600 0.4629
0.5600 0.4632
0.5600 0.4635
0.5600 0.4638
0.5600 0.4641
0.5600 0.4643
0.5600 0.4646
0.5600 0.4649
0.5600 0.4652
0.5600 0.4655
0.5600 0.4658
0.5600 0.4660
0.5600 0.4663
0.5600 0.4666
0.5600 0.4669
0.5600 0.4672
0.5600 0.4675
0.5600 0.4677
0.5600 0.4680
0.5600 0.4683
0.5600 0.4686
0.5700 0.4689
0.6200 0.4692
0.6200 0.4694
0.6200 0.4697
0.6300 0.4700
0.6300 0.4703
0.6300 0.4706
0.6300 0.4709
0.6300 0.4711
0.6300 0.4714
0.6300 0.4717
0.6300 0.4720
0.6300 0.4723
0.6300 0.4726
0.6300 0.4728
0.6300 0.4731
0.6300 0.4734
0.6300 0.4737
0.6300 0.4740
0.6300 0.4743
0.6300 0.4745
0.6300 0.4748
0.6300 0.4751
0.6300 0.4754
0.6300 0.4757
0.6300 0.4759
0.6300 0.4762
0.6300 0.4765
0.6300 0.4768
0.6300 0.4771
0.6300 0.4774
0.6300 0.4776
0.6300 0.4779
0.6400 0.4782
0.6400 0.4785
0.6400 0.4788
0.6400 0.4791
0.6400 0.4793
0.6400 0.4796
0.6400 0.4799
0.6400 0.4802
0.6400 0.4805
0.6400 0.4808
0.6400 0.4810
0.6400 0.4813
0.6400 0.4816
0.6400 0.4819
0.6400 0.4822
0.6400 0.4825
0.6400 0.4827
0.6400 0.4830
0.6400 0.4833
0.6400 0.4836
0.6400 0.4839
0.6400 0.4842
0.6400 0.4844
0.6400 0.4847
0.6400 0.4850
0.6400 0.4853
0.6400 0.4856
0.6400 0.4859
0.6400 0.4861
0.6400 0.4864
0.6400 0.4867
0.6400 0.4870
0.6400 0.4873
0.6400 0.4875
0.6400 0.4878
0.6400 0.4881
0.6400 0.4884
0.6400 0.4887
0.6400 0.4890
0.6400 0.4892
0.6400 0.4895
0.6400 0.4898
0.6400 0.4901
0.6400 0.4904
0.6400 0.4907
0.6400 0.4909
0.6400 0.4912
0.6400 0.4915
0.6400 0.4918
0.6400 0.4921
0.6400 0.4924
0.6400 0.4926
0.6400 0.4929
0.6400 0.4932
0.6400 0.4935
0.6400 0.4938
0.6400 0.4941
0.6400 0.4943
0.6400 0.4946
0.6400 0.4949
0.6400 0.4952
0.6400 0.4955
0.6400 0.4958
0.6400 0.4960
0.6400 0.4963
0.6400 0.4966
0.6400 0.4969
0.6400 0.4972
0.6400 0.4975
0.6400 0.4977
0.6400 0.4980
0.6400 0.4983
0.6400 0.4986
0.6400 0.4989
0.6400 0.4992
0.6400 0.4994
0.6400 0.4997
0.6400 0.5000
0.6400 0.5003
0.6400 0.5006
0.6400 0.5008
0.6400 0.5011
0.6400 0.5014
0.6400 0.5017
0.6400 0.5020
0.6400 0.5023
0.6400 0.5025
0.6400 0.5028
0.6400 0.5031
0.6400 0.5034
0.6400 0.5037
0.6400 0.5040
0.6400 0.5042
0.6400 0.5045
0.6400 0.5048
0.6400 0.5051
0.6400 0.5054
0.6400 0.5057
0.6400 0.5059
0.6400 0.5062
0.6400 0.5065
0.6400 0.5068
0.6400 0.5071
0.6400 0.5074
0.6400 0.5076
0.6400 0.5079
0.6400 0.5082
0.6400 0.5085
0.6400 0.5088
0.6400 0.5091
0.6400 0.5093
0.6400 0.5096
0.6400 0.5099
0.6400 0.5102
0.6500 0.5105
0.6500 0.5108
0.6500 0.5110
0.6500 0.5113
0.6500 0.5116
0.6500 0.5119
0.6500 0.5122
0.6500 0.5125
0.6500 0.5127
0.6500 0.5130
0.6500 0.5133
0.6500 0.5136
0.6500 0.5139
0.6500 0.5141
0.6500 0.5144
0.6500 0.5147
0.6500 0.5150
0.6500 0.5153
0.6500 0.5156
0.6500 0.5158
0.6500 0.5161
0.6500 0.5164
0.6500 0.5167
0.6500 0.5170
0.6500 0.5173
0.6500 0.5175
0.6500 0.5178
0.6500 0.5181
0.6500 0.5184
0.6500 0.5187
0.6500 0.5190
0.6500 0.5192
0.6500 0.5195
0.6500 0.5198
0.6500 0.5201
0.6500 0.5204
0.6500 0.5207
0.6500 0.5209
0.6500 0.5212
0.6500 0.5215
0.6500 0.5218
0.6500 0.5221
0.6500 0.5224
0.6500 0.5226
0.6500 0.5229
0.6500 0.5232
0.6500 0.5235
0.6500 0.5238
0.6500 0.5241
0.6500 0.5243
0.6500 0.5246
0.6500 0.5249
0.6500 0.5252
0.6500 0.5255
0.6500 0.5257
0.6500 0.5260
0.6500 0.5263
0.6500 0.5266
0.6500 0.5269
0.6600 0.5272
0.7100 0.5274
0.7100 0.5277
0.7100 0.5280
0.7200 0.5283
0.7200 0.5286
0.7200 0.5289
0.7200 0.5291
0.7200 0.5294
0.7200 0.5297
0.7200 0.5300
0.7200 0.5303
0.7200 0.5306
0.7200 0.5308
0.7200 0.5311
0.7200 0.5314
0.7200 0.5317
0.7200 0.5320
0.7200 0.5323
0.7200 0.5325
0.7200 0.5328
0.7200 0.5331
0.7200 0.5334
0.7200 0.5337
0.7200 0.5340
0.7200 0.5342
0.7200 0.5345
0.7200 0.5348
0.7200 0.5351
0.7200 0.5354
0.7200 0.5357
0.7200 0.5359
0.7200 0.5362
0.7200 0.5365
0.7300 0.5368
0.7300 0.5371
0.7300 0.5374
0.7300 0.5376
0.7300 0.5379
0.7300 0.5382
0.7300 0.5385
0.7300 0.5388
0.7300 0.5390
0.7300 0.5393
0.7300 0.5396
0.7300 0.5399
0.7300 0.5402
0.7300 0.5405
0.7300 0.5407
0.7300 0.5410
0.7300 0.5413
0.7300 0.5416
0.7300 0.5419
0.7300 0.5422
0.7300 0.5424
0.7300 0.5427
0.7300 0.5430
0.7300 0.5433
0.7300 0.5436
0.7300 0.5439
0.7300 0.5441
0.7300 0.5444
0.7300 0.5447
0.7300 0.5450
0.7300 0.5453
0.7300 0.5456
0.7300 0.5458
0.7300 0.5461
0.7300 0.5464
0.7300 0.5467
0.7300 0.5470
0.7300 0.5473
0.7300 0.5475
0.7300 0.5478
0.7300 0.5481
0.7300 0.5484
0.7300 0.5487
0.7300 0.5490
0.7300 0.5492
0.7300 0.5495
0.7300 0.5498
0.7300 0.5501
0.7300 0.5504
0.7300 0.5507
0.7300 0.5509
0.7300 0.5512
0.7300 0.5515
0.7300 0.5518
0.7300 0.5521
0.7300 0.5523
0.7300 0.5526
0.7300 0.5529
0.7300 0.5532
0.7300 0.5535
0.7300 0.5538
0.7300 0.5540
0.7300 0.5543
0.7300 0.5546
0.7300 0.5549
0.7300 0.5552
0.7300 0.5555
0.7300 0.5557
0.7300 0.5560
0.7300 0.5563
0.7300 0.5566
0.7300 0.5569
0.7300 0.5572
0.7300 0.5574
0.7300 0.5577
0.7300 0.5580
0.7300 0.5583
0.7300 0.5586
0.7300 0.5589
0.7300 0.5591
0.7300 0.5594
0.7300 0.5597
0.7300 0.5600
0.7300 0.5603
0.7300 0.5606
0.7300 0.5608
0.7300 0.5611
0.7300 0.5614
0.7300 0.5617
0.7300 0.5620
0.7300 0.5623
0.7300 0.5625
0.7300 0.5628
0.7300 0.5631
0.7300 0.5634
0.7300 0.5637
0.7300 0.5640
0.7300 0.5642
0.7300 0.5645
0.7300 0.5648
0.7300 0.5651
0.7300 0.5654
0.7300 0.5656
0.7300 0.5659
0.7300 0.5662
0.7300 0.5665
0.7300 0.5668
0.7300 0.5671
0.7300 0.5673
0.7300 0.5676
0.7300 0.5679
0.7300 0.5682
0.7300 0.5685
0.7300 0.5688
0.7400 0.5690
0.7400 0.5693
0.7400 0.5696
0.7400 0.5699
0.7400 0.5702
0.7400 0.5705
0.7400 0.5707
0.7400 0.5710
0.7400 0.5713
0.7400 0.5716
0.7400 0.5719
0.7400 0.5722
0.7400 0.5724
0.7400 0.5727
0.7400 0.5730
0.7400 0.5733
0.7400 0.5736
0.7400 0.5739
0.7400 0.5741
0.7400 0.5744
0.7400 0.5747
0.7400 0.5750
0.7400 0.5753
0.7400 0.5756
0.7400 0.5758
0.7400 0.5761
0.7400 0.5764
0.7400 0.5767
0.7400 0.5770
0.7400 0.5772
0.7400 0.5775
0.7400 0.5778
0.7400 0.5781
0.7400 0.5784
0.7400 0.5787
0.7400 0.5789
0.7400 0.5792
0.7400 0.5795
0.7400 0.5798
0.7400 0.5801
0.7400 0.5804
0.7400 0.5806
0.7400 0.5809
0.7400 0.5812
0.7400 0.5815
0.7400 0.5818
0.7400 0.5821
0.7400 0.5823
0.7400 0.5826
0.7400 0.5829
0.7400 0.5832
0.7400 0.5835
0.7400 0.5838
0.7400 0.5840
0.7400 0.5843
0.7400 0.5846
0.7400 0.5849
0.7400 0.5852
0.7500 0.5855
0.8000 0.5857
0.8000 0.5860
0.8000 0.5863
0.8000 0.5866
0.8100 0.5869
0.8100 0.5872
0.8100 0.5874
0.8100 0.5877
0.8100 0.5880
0.8100 0.5883
0.8100 0.5886
0.8100 0.5889
0.8100 0.5891
0.8100 0.5894
0.8100 0.5897
0.8100 0.5900
0.8100 0.5903
0.8100 0.5905
0.8100 0.5908
0.8100 0.5911
0.8100 0.5914
0.8100 0.5917
0.8100 0.5920
0.8100 0.5922
0.8100 0.5925
0.8100 0.5928
0.8100 0.5931
0.8100 0.5934
0.8100 0.5937
0.8100 0.5939
0.8100 0.5942
0.8100 0.5945
0.8100 0.5948
0.8100 0.5951
0.8100 0.5954
0.8200 0.5956
0.8200 0.5959
0.8200 0.5962
0.8200 0.5965
0.8200 0.5968
0.8200 0.5971
0.8200 0.5973
0.8200 0.5976
0.8200 0.5979
0.8200 0.5982
0.8200 0.5985
0.8200 0.5988
0.8200 0.5990
0.8200 0.5993
0.8200 0.5996
0.8200 0.5999
0.8200 0.6002
0.8200 0.6005
0.8200 0.6007
0.8200 0.6010
0.8200 0.6013
0.8200 0.6016
0.8200 0.6019
0.8200 0.6022
0.8200 0.6024
0.8200 0.6027
0.8200 0.6030
0.8200 0.6033
0.8200 0.6036
0.8200 0.6038
0.8200 0.6041
0.8200 0.6044
0.8200 0.6047
0.8200 0.6050
0.8200 0.6053
0.8200 0.6055
0.8200 0.6058
0.8200 0.6061
0.8200 0.6064
0.8200 0.6067
0.8200 0.6070
0.8200 0.6072
0.8200 0.6075
0.8200 0.6078
0.8200 0.6081
0.8200 0.6084
0.8200 0.6087
0.8200 0.6089
0.8200 0.6092
0.8200 0.6095
0.8200 0.6098
0.8200 0.6101
0.8200 0.6104
0.8200 0.6106
0.8200 0.6109
0.8200 0.6112
0.8200 0.6115
0.8200 0.6118
0.8200 0.6121
0.8200 0.6123
0.8200 0.6126
0.8200 0.6129
0.8200 0.6132
0.8200 0.6135
0.8200 0.6138
0.8200 0.6140
0.8200 0.6143
0.8200 0.6146
0.8200 0.6149
0.8200 0.6152
0.8200 0.6154
0.8200 0.6157
0.8200 0.6160
0.8200 0.6163
0.8200 0.6166
0.8200 0.6169
0.8200 0.6171
0.8200 0.6174
0.8200 0.6177
0.8200 0.6180
0.8200 0.6183
0.8200 0.6186
0.8200 0.6188
0.8200 0.6191
0.8200 0.6194
0.8200 0.6197
0.8200 0.6200
0.8200 0.6203
0.8200 0.6205
0.8200 0.6208
0.8200 0.6211
0.8200 0.6214
0.8200 0.6217
0.8200 0.6220
0.8200 0.6222
0.8200 0.6225
0.8200 0.6228
0.8200 0.6231
0.8200 0.6234
0.8200 0.6237
0.8200 0.6239
0.8200 0.6242
0.8200 0.6245
0.8200 0.6248
0.8200 0.6251
0.8200 0.6254
0.8200 0.6256
0.8200 0.6259
0.8200 0.6262
0.8200 0.6265
0.8200 0.6268
0.8200 0.6271
0.8200 0.6273
0.8200 0.6276
0.8200 0.6279
0.8300 0.6282
0.8300 0.6285
0.8300 0.6287
0.8300 0.6290
0.8300 0.6293
0.8300 0.6296
0.8300 0.6299
0.8300 0.6302
0.8300 0.6304
0.8300 0.6307
0.8300 0.6310
0.8300 0.6313
0.8300 0.6316
0.8300 0.6319
0.8300 0.6321
0.8300 0.6324
0.8300 0.6327
0.8300 0.6330
0.8300 0.6333
0.8300 0.6336
0.8300 0.6338
0.8300 0.6341
0.8300 0.6344
0.8300 0.6347
0.8300 0.6350
0.8300 0.6353
0.8300 0.6355
0.8300 0.6358
0.8300 0.6361
0.8300 0.6364
0.8300 0.6367
0.8300 0.6370
0.8300 0.6372
0.8300 0.6375
0.8300 0.6378
0.8300 0.6381
0.8300 0.6384
0.8300 0.6387
0.8300 0.6389
0.8300 0.6392
0.8300 0.6395
0.8300 0.6398
0.8300 0.6401
0.8300 0.6404
0.8300 0.6406
0.8300 0.6409
0.8300 0.6412
0.8300 0.6415
0.8300 0.6418
0.8300 0.6420
0.8300 0.6423
0.8300 0.6426
0.8300 0.6429
0.8300 0.6432
0.8300 0.6435
0.8300 0.6437
0.8400 0.6440
0.8900 0.6443
0.8900 0.6446
0.8900 0.6449
0.8900 0.6452
0.9000 0.6454
0.9000 0.6457
0.9000 0.6460
0.9000 0.6463
0.9000 0.6466
0.9000 0.6469
0.9000 0.6471
0.9000 0.6474
0.9000 0.6477
0.9000 0.6480
0.9000 0.6483
0.9000 0.6486
0.9000 0.6488
0.9000 0.6491
0.9000 0.6494
0.9000 0.6497
0.9000 0.6500
0.9000 0.6503
0.9000 0.6505
0.9000 0.6508
0.9000 0.6511
0.9000 0.6514
0.9000 0.6517
0.9000 0.6520
0.9000 0.6522
0.9000 0.6525
0.9000 0.6528
0.9000 0.6531
0.9000 0.6534
0.9000 0.6537
0.9000 0.6539
0.9000 0.6542
0.9100 0.6545
0.9100 0.6548
0.9100 0.6551
0.9100 0.6553
0.9100 0.6556
0.9100 0.6559
0.9100 0.6562
0.9100 0.6565
0.9100 0.6568
0.9100 0.6570
0.9100 0.6573
0.9100 0.6576
0.9100 0.6579
0.9100 0.6582
0.9100 0.6585
0.9100 0.6587
0.9100 0.6590
0.9100 0.6593
0.9100 0.6596
0.9100 0.6599
0.9100 0.6602
0.9100 0.6604
0.9100 0.6607
0.9100 0.6610
0.9100 0.6613
0.9100 0.6616
0.9100 0.6619
0.9100 0.6621
0.9100 0.6624
0.9100 0.6627
0.9100 0.6630
0.9100 0.6633
0.9100 0.6636
0.9100 0.6638
0.9100 0.6641
0.9100 0.6644
0.9100 0.6647
0.9100 0.6650
0.9100 0.6653
0.9100 0.6655
0.9100 0.6658
0.9100 0.6661
0.9100 0.6664
0.9100 0.6667
0.9100 0.6669
0.9100 0.6672
0.9100 0.6675
0.9100 0.6678
0.9100 0.6681
0.9100 0.6684
0.9100 0.6686
0.9100 0.6689
0.9100 0.6692
0.9100 0.6695
0.9100 0.6698
0.9100 0.6701
0.9100 0.6703
0.9100 0.6706
0.9100 0.6709
0.9100 0.6712
0.9100 0.6715
0.9100 0.6718
0.9100 0.6720
0.9100 0.6723
0.9100 0.6726
0.9100 0.6729
0.9100 0.6732
0.9100 0.6735
0.9100 0.6737
0.9100 0.6740
0.9100 0.6743
0.9100 0.6746
0.9100 0.6749
0.9100 0.6752
0.9100 0.6754
0.9100 0.6757
0.9100 0.6760
0.9100 0.6763
0.9100 0.6766
0.9100 0.6769
0.9100 0.6771
0.9100 0.6774
0.9100 0.6777
0.9100 0.6780
0.9100 0.6783
0.9100 0.6786
0.9100 0.6788
0.9100 0.6791
0.9100 0.6794
0.9100 0.6797
0.9100 0.6800
0.9100 0.6802
0.9100 0.6805
0.9100 0.6808
0.9100 0.6811
0.9100 0.6814
0.9100 0.6817
0.9100 0.6819
0.9100 0.6822
0.9100 0.6825
0.9100 0.6828
0.9100 0.6831
0.9100 0.6834
0.9100 0.6836
0.9100 0.6839
0.9100 0.6842
0.9100 0.6845
0.9100 0.6848
0.9100 0.6851
0.9100 0.6853
0.9100 0.6856
0.9100 0.6859
0.9100 0.6862
0.9100 0.6865
0.9100 0.6868
0.9200 0.6870
0.9200 0.6873
0.9200 0.6876
0.9200 0.6879
0.9200 0.6882
0.9200 0.6885
0.9200 0.6887
0.9200 0.6890
0.9200 0.6893
0.9200 0.6896
0.9200 0.6899
0.9200 0.6902
0.9200 0.6904
0.9200 0.6907
0.9200 0.6910
0.9200 0.6913
0.9200 0.6916
0.9200 0.6919
0.9200 0.6921
0.9200 0.6924
0.9200 0.6927
0.9200 0.6930
0.9200 0.6933
0.9200 0.6935
0.9200 0.6938
0.9200 0.6941
0.9200 0.6944
0.9200 0.6947
0.9200 0.6950
0.9200 0.6952
0.9200 0.6955
0.9200 0.6958
0.9200 0.6961
0.9200 0.6964
0.9200 0.6967
0.9200 0.6969
0.9200 0.6972
0.9200 0.6975
0.9200 0.6978
0.9200 0.6981
0.9200 0.6984
0.9200 0.6986
0.9200 0.6989
0.9200 0.6992
0.9200 0.6995
0.9200 0.6998
0.9200 0.7001
0.9200 0.7003
0.9200 0.7006
0.9200 0.7009
0.9200 0.7012
0.9200 0.7015
0.9200 0.7018
0.9200 0.7020
0.9300 0.7023
0.9800 0.7026
0.9800 0.7029
0.9900 0.7032
0.9900 0.7035
0.9900 0.7037
0.9900 0.7040
0.9900 0.7043
0.9900 0.7046
0.9900 0.7049
0.9900 0.7051
0.9900 0.7054
0.9900 0.7057
0.9900 0.7060
0.9900 0.7063
0.9900 0.7066
0.9900 0.7068
0.9900 0.7071
0.9900 0.7074
0.9900 0.7077
0.9900 0.7080
0.9900 0.7083
0.9900 0.7085
0.9900 0.7088
0.9900 0.7091
0.9900 0.7094
0.9900 0.7097
0.9900 0.7100
0.9900 0.7102
0.9900 0.7105
0.9900 0.7108
0.9900 0.7111
0.9900 0.7114
0.9900 0.7117
0.9900 0.7119
0.9900 0.7122
0.9900 0.7125
1.0000 0.7128
1.0000 0.7131
1.0000 0.7134
1.0000 0.7136
1.0000 0.7139
1.0000 0.7142
1.0000 0.7145
1.0000 0.7148
1.0000 0.7151
1.0000 0.7153
1.0000 0.7156
1.0000 0.7159
1.0000 0.7162
1.0000 0.7165
1.0000 0.7168
1.0000 0.7170
1.0000 0.7173
1.0000 0.7176
1.0000 0.7179
1.0000 0.7182
1.0000 0.7184
1.0000 0.7187
1.0000 0.7190
1.0000 0.7193
1.0000 0.7196
1.0000 0.7199
1.0000 0.7201
1.0000 0.7204
1.0000 0.7207
1.0000 0.7210
1.0000 0.7213
1.0000 0.7216
1.0000 0.7218
1.0000 0.7221
1.0000 0.7224
1.0000 0.7227
1.0000 0.7230
1.0000 0.7233
1.0000 0.7235
1.0000 0.7238
1.0000 0.7241
1.0000 0.7244
1.0000 0.7247
1.0000 0.7250
1.0000 0.7252
1.0000 0.7255
1.0000 0.7258
1.0000 0.7261
1.0000 0.7264
1.0000 0.7267
1.0000 0.7269
1.0000 0.7272
1.0000 0.7275
1.0000 0.7278
1.0000 0.7281
1.0000 0.7284
1.0000 0.7286
1.0000 0.7289
1.0000 0.7292
1.0000 0.7295
1.0000 0.7298
1.0000 0.7301
1.0000 0.7303
1.0000 0.7306
1.0000 0.7309
1.0000 0.7312
1.0000 0.7315
1.0000 0.7317
1.0000 0.7320
1.0000 0.7323
1.0000 0.7326
1.0000 0.7329
1.0000 0.7332
1.0000 0.7334
1.0000 0.7337
1.0000 0.7340
1.0000 0.7343
1.0000 0.7346
1.0000 0.7349
1.0000 0.7351
1.0000 0.7354
1.0000 0.7357
1.0000 0.7360
1.0000 0.7363
1.0000 0.7366
1.0000 0.7368
1.0000 0.7371
1.0000 0.7374
1.0000 0.7377
1.0000 0.7380
1.0000 0.7383
1.0000 0.7385
1.0000 0.7388
1.0000 0.7391
1.0000 0.7394
1.0000 0.7397
1.0000 0.7400
1.0000 0.7402
1.0000 0.7405
1.0000 0.7408
1.0000 0.7411
1.0000 0.7414
1.0000 0.7417
1.0000 0.7419
1.0000 0.7422
1.0000 0.7425
1.0000 0.7428
1.0000 0.7431
1.0000 0.7434
1.0000 0.7436
1.0000 0.7439
1.0000 0.7442
1.0000 0.7445
1.0100 0.7448
1.0100 0.7450
1.0100 0.7453
1.0100 0.7456
1.0100 0.7459
1.0100 0.7462
1.0100 0.7465
1.0100 0.7467
1.0100 0.7470
1.0100 0.7473
1.0100 0.7476
1.0100 0.7479
1.0100 0.7482
1.0100 0.7484
1.0100 0.7487
1.0100 0.7490
1.0100 0.7493
1.0100 0.7496
1.0100 0.7499
1.0100 0.7501
1.0100 0.7504
1.0100 0.7507
1.0100 0.7510
1.0100 0.7513
1.0100 0.7516
1.0100 0.7518
1.0100 0.7521
1.0100 0.7524
1.0100 0.7527
1.0100 0.7530
1.0100 0.7533
1.0100 0.7535
1.0100 0.7538
1.0100 0.7541
1.0100 0.7544
1.0100 0.7547
1.0100 0.7550
1.0100 0.7552
1.0100 0.7555
1.0100 0.7558
1.0100 0.7561
1.0100 0.7564
1.0100 0.7566
1.0100 0.7569
1.0100 0.7572
1.0100 0.7575
1.0100 0.7578
1.0100 0.7581
1.0100 0.7583
1.0100 0.7586
1.0100 0.7589
1.0100 0.7592
1.0100 0.7595
1.0100 0.7598
1.0200 0.7600
1.0800 0.7603
1.0800 0.7606
1.0800 0.7609
1.0800 0.7612
1.0800 0.7615
1.0800 0.7617
1.0800 0.7620
1.0800 0.7623
1.0800 0.7626
1.0800 0.7629
1.0800 0.7632
1.0800 0.7634
1.0800 0.7637
1.0800 0.7640
1.0800 0.7643
1.0800 0.7646
1.0800 0.7649
1.0800 0.7651
1.0800 0.7654
1.0800 0.7657
1.0800 0.7660
1.0800 0.7663
1.0800 0.7666
1.0900 0.7668
1.0900 0.7671
1.0900 0.7674
1.0900 0.7677
1.0900 0.7680
1.0900 0.7683
1.0900 0.7685
1.0900 0.7688
1.0900 0.7691
1.0900 0.7694
1.0900 0.7697
1.0900 0.7699
1.0900 0.7702
1.0900 0.7705
1.0900 0.7708
1.0900 0.7711
1.0900 0.7714
1.0900 0.7716
1.0900 0.7719
1.0900 0.7722
1.0900 0.7725
1.0900 0.7728
1.0900 0.7731
1.0900 0.7733
1.0900 0.7736
1.0900 0.7739
1.0900 0.7742
1.0900 0.7745
1.0900 0.7748
1.0900 0.7750
1.0900 0.7753
1.0900 0.7756
1.0900 0.7759
1.0900 0.7762
1.0900 0.7765
1.0900 0.7767
1.0900 0.7770
1.0900 0.7773
1.0900 0.7776
1.0900 0.7779
1.0900 0.7782
1.0900 0.7784
1.0900 0.7787
1.0900 0.7790
1.0900 0.7793
1.0900 0.7796
1.0900 0.7799
1.0900 0.7801
1.0900 0.7804
1.0900 0.7807
1.0900 0.7810
1.0900 0.7813
1.0900 0.7816
1.0900 0.7818
1.0900 0.7821
1.0900 0.7824
1.0900 0.7827
1.0900 0.7830
1.0900 0.7832
1.0900 0.7835
1.0900 0.7838
1.0900 0.7841
1.0900 0.7844
1.0900 0.7847
1.0900 0.7849
1.0900 0.7852
1.0900 0.7855
1.0900 0.7858
1.0900 0.7861
1.0900 0.7864
1.0900 0.7866
1.0900 0.7869
1.0900 0.7872
1.0900 0.7875
1.0900 0.7878
1.0900 0.7881
1.0900 0.7883
1.0900 0.7886
1.0900 0.7889
1.0900 0.7892
1.0900 0.7895
1.0900 0.7898
1.0900 0.7900
1.0900 0.7903
1.0900 0.7906
1.0900 0.7909
1.0900 0.7912
1.0900 0.7915
1.0900 0.7917
1.0900 0.7920
1.0900 0.7923
1.0900 0.7926
1.0900 0.7929
1.0900 0.7932
1.0900 0.7934
1.0900 0.7937
1.0900 0.7940
1.0900 0.7943
1.0900 0.7946
1.0900 0.7949
1.0900 0.7951
1.0900 0.7954
1.0900 0.7957
1.0900 0.7960
1.0900 0.7963
1.0900 0.7965
1.0900 0.7968
1.1000 0.7971
1.1000 0.7974
1.1000 0.7977
1.1000 0.7980
1.1000 0.7982
1.1000 0.7985
1.1000 0.7988
1.1000 0.7991
1.1000 0.7994
1.1000 0.7997
1.1000 0.7999
1.1000 0.8002
1.1000 0.8005
1.1000 0.8008
1.1000 0.8011
1.1000 0.8014
1.1000 0.8016
1.1000 0.8019
1.1000 0.8022
1.1000 0.8025
1.1000 0.8028
1.1000 0.8031
1.1000 0.8033
1.1000 0.8036
1.1000 0.8039
1.1000 0.8042
1.1000 0.8045
1.1000 0.8048
1.1000 0.8050
1.1000 0.8053
1.1000 0.8056
1.1000 0.8059
1.1000 0.8062
1.1000 0.8065
1.1000 0.8067
1.1000 0.8070
1.1000 0.8073
1.1000 0.8076
1.1000 0.8079
1.1000 0.8081
1.1000 0.8084
1.1000 0.8087
1.1000 0.8090
1.1000 0.8093
1.1000 0.8096
1.1000 0.8098
1.1000 0.8101
1.1000 0.8104
1.1000 0.8107
1.1000 0.8110
1.1000 0.8113
1.1000 0.8115
1.1000 0.8118
1.1000 0.8121
1.1100 0.8124
1.1800 0.8127
1.1800 0.8130
1.1800 0.8132
1.1800 0.8135
1.1800 0.8138
1.1800 0.8141
1.1800 0.8144
1.1800 0.8147
1.1800 0.8149
1.1800 0.8152
1.1800 0.8155
1.1800 0.8158
1.1800 0.8161
1.1800 0.8164
1.1800 0.8166
1.1800 0.8169
1.1800 0.8172
1.1800 0.8175
1.1800 0.8178
1.1800 0.8181
1.1800 0.8183
1.1800 0.8186
1.1800 0.8189
1.1900 0.8192
1.1900 0.8195
1.1900 0.8198
1.1900 0.8200
1.1900 0.8203
1.1900 0.8206
1.1900 0.8209
1.1900 0.8212
1.1900 0.8214
1.1900 0.8217
1.1900 0.8220
1.1900 0.8223
1.1900 0.8226
1.1900 0.8229
1.1900 0.8231
1.1900 0.8234
1.1900 0.8237
1.1900 0.8240
1.1900 0.8243
1.1900 0.8246
1.1900 0.8248
1.1900 0.8251
1.1900 0.8254
1.1900 0.8257
1.1900 0.8260
1.1900 0.8263
1.1900 0.8265
1.1900 0.8268
1.1900 0.8271
1.1900 0.8274
1.1900 0.8277
1.1900 0.8280
1.1900 0.8282
1.1900 0.8285
1.1900 0.8288
1.1900 0.8291
1.1900 0.8294
1.1900 0.8297
1.1900 0.8299
1.1900 0.8302
1.1900 0.8305
1.1900 0.8308
1.1900 0.8311
1.1900 0.8314
1.1900 0.8316
1.1900 0.8319
1.1900 0.8322
1.1900 0.8325
1.1900 0.8328
1.1900 0.8331
1.1900 0.8333
1.1900 0.8336
1.2000 0.8339
1.3000 0.8342
1.3900 0.8345
1.4800 0.8347
1.5700 0.8350
1.6600 0.8353
1.7500 0.8356
1.8400 0.8359
1.9300 0.8362
2.0200 0.8364
2.1100 0.8367
2.2000 0.8370
2.2900 0.8373
2.3800 0.8376
